site,wildtype,mutation,mutdiffsel
(HA2)66,I,E,6.342086999170259
159,F,G,5.576911493877678
192,I,E,5.369037643548484
145,N,P,4.59497887423788
(HA2)166,A,T,4.45872391383105
192,I,G,4.44703957025466
193,F,S,4.3389488349784955
193,F,N,4.302953602096656
275,G,A,4.130915272905427
193,F,D,3.9601123419348854
(HA2)91,L,M,3.9568530731643254
218,G,P,3.9478097877415608
(HA2)52,L,M,3.8114170615546956
193,F,A,3.8087527714016254
192,I,Q,3.66299244429631
323,V,K,3.555681675959217
220,R,P,3.4453462684625187
192,I,H,3.419788927049328
(HA2)4,G,V,3.3998769025052105
192,I,Y,3.3957598725847116
159,F,N,3.325357077474091
(HA2)53,N,S,3.312291529845228
159,F,Q,3.3121404726834256
220,R,I,3.3013489435789585
222,R,D,3.239809405553409
159,F,S,3.2266268434476544
220,R,D,3.1958591576682434
244,L,E,3.157721342057423
224,R,A,3.1280286660839063
222,R,H,3.1153476325196174
159,F,H,3.1101875007965227
157,L,P,3.0939849873160274
192,I,F,3.091835743100184
142,R,D,3.0910822478586164
32,D,L,3.090550800369596
310,K,A,3.0542642811890865
171,N,K,3.027607429881791
192,I,D,3.0164526286788984
193,F,G,3.009548773291621
262,S,Y,2.9715882155861166
186,G,A,2.954239744754755
(HA2)115,M,L,2.926224271459138
159,F,K,2.9080978325705313
299,R,A,2.8913076885523603
-10,L,A,2.864033190689612
137,S,E,2.8596811637799306
(HA2)114,E,F,2.8473404833775215
159,F,E,2.8155166754754597
299,R,V,2.8088959547144987
188,D,V,2.6409515675592226
145,N,A,2.615361197931576
-7,I,Q,2.589685408528715
145,N,D,2.5868705136640444
196,A,H,2.585849825511383
-5,C,T,2.536213897985053
(HA2)79,D,R,2.5361504273146056
25,I,A,2.5057226459475137
(HA2)34,Q,H,2.4936681751207317
101,D,H,2.473234638125208
222,R,G,2.463644986743301
184,H,S,2.4494248802259104
80,Q,H,2.427551339022615
160,K,S,2.4272126702027226
224,R,P,2.405787242824797
(HA2)199,C,K,2.4028081189690615
(HA2)78,Q,A,2.389079865243188
(HA2)65,Q,E,2.3880508771068967
(HA2)28,N,H,2.3789658401121816
225,N,D,2.323110610854755
(HA2)165,E,D,2.3094509838309714
(HA2)125,Q,K,2.2739419617112553
(HA2)73,V,A,2.214293233524362
326,K,G,2.202464919743803
224,R,E,2.1938627846228407
220,R,V,2.1831349159876683
109,R,M,2.1647627642190086
243,L,F,2.1583913386047606
59,L,I,2.1556604524904635
193,F,H,2.154115033621367
(HA2)147,A,N,2.1446576375189212
196,A,D,2.1440689651322042
229,R,G,2.1065040285925636
160,K,T,2.100439857934622
204,V,Q,2.0702791382375425
220,R,S,2.068970564740409
(HA2)158,D,S,2.068324616789814
(HA2)153,R,F,2.006863134446563
210,Q,G,2.001400049973173
159,F,R,1.9905599927625044
(HA2)191,F,V,1.9813553510255146
210,Q,L,1.973396541849128
221,P,L,1.9717460389124741
75,Q,I,1.954207741364299
(HA2)34,Q,A,1.93162635615546
(HA2)86,D,S,1.928224465430035
(HA2)170,R,Q,1.9243827645225149
(HA2)167,L,S,1.9190487610073286
144,K,E,1.9140323425365269
(HA2)48,I,M,1.9028642824274762
117,T,I,1.9016959053899039
(HA2)127,R,K,1.8996017640066594
207,K,R,1.8835752291659915
(HA2)153,R,K,1.8722162675833587
(HA2)167,L,M,1.8711300131920579
103,P,N,1.8710272780868316
192,I,W,1.8710113224812313
311,Q,G,1.8709289253172212
121,N,E,1.8681572557238635
291,D,S,1.8513140993528168
140,I,S,1.8480602288513719
(HA2)206,I,M,1.840050001818045
(HA2)144,C,W,1.8390611288750214
(HA2)109,D,W,1.8266106351241636
9,S,Q,1.823050140874444
145,N,H,1.821331973978211
207,K,Q,1.8208521389369319
(HA2)212,K,L,1.818961179639938
219,S,I,1.8134279152774526
(HA2)204,G,S,1.810575967896319
159,F,A,1.7811445811861413
314,L,K,1.7656038658159783
231,S,D,1.7654119023092059
(HA2)160,D,P,1.7615208372106235
192,I,N,1.7494729144239043
(HA2)132,D,N,1.7138588845797105
202,I,P,1.7024352321547405
220,R,M,1.701667598329787
(HA2)112,D,N,1.6941258527203291
192,I,S,1.6930139696542572
(HA2)114,E,Q,1.6868297898300038
(HA2)49,N,T,1.6823350851481802
-14,T,K,1.6810600555230883
159,F,V,1.681048469369139
77,D,S,1.6780927088368798
268,M,G,1.6780753648985947
247,S,E,1.677927232985668
83,K,D,1.6777040291911076
184,H,I,1.6768353763289832
(HA2)55,L,S,1.6648903615995267
248,T,S,1.6517625395805198
(HA2)139,K,D,1.6423971717167933
193,F,E,1.6383274210524905
224,R,D,1.6318855810520805
(HA2)3,F,G,1.6306828987482964
(HA2)43,A,C,1.6291573703451814
223,V,D,1.6259428465578587
205,S,R,1.6247200351753301
143,S,P,1.618284116795838
54,S,R,1.612541512339902
222,R,E,1.6047712569968595
24,T,Q,1.6000347444284826
151,L,Q,1.5982860142753281
144,K,L,1.5869752831292567
236,I,H,1.5848816121709377
126,N,G,1.5848806394565502
88,V,T,1.5848083048111785
(HA2)110,L,I,1.5817997701581363
145,N,Y,1.5743779017256045
(HA2)140,I,D,1.5727185416013685
244,L,V,1.5695516269567154
318,T,W,1.5626859592829514
223,V,P,1.556689982382322
8,N,A,1.5503246830790098
(HA2)44,A,L,1.5484719239176528
166,V,A,1.5370825940022
(HA2)30,E,M,1.534206964996373
220,R,T,1.5341443845793883
(HA2)61,E,G,1.5327750238937337
(HA2)186,I,M,1.5300343030045171
(HA2)70,F,S,1.529778535443488
(HA2)49,N,E,1.5267876080200793
(HA2)136,G,E,1.5244478181076304
(HA2)184,D,F,1.5173320214946937
169,P,G,1.5157203966952169
227,P,T,1.5136202007496578
178,Y,C,1.5089213548407394
203,T,E,1.5016970823035165
269,R,K,1.4966280500005649
300,I,W,1.4856926950253257
166,V,P,1.4856671213212458
7,D,P,1.4843933482111809
189,K,R,1.4839797650433568
290,N,H,1.4790483023491472
(HA2)5,A,G,1.4790216809506493
220,R,L,1.4760711603590053
61,G,E,1.4735426659742705
138,A,Y,1.4724410098591452
(HA2)126,L,V,1.4698829502969848
(HA2)96,A,Q,1.468247615911872
325,E,Y,1.4679380441242815
161,Y,D,1.4640217623393195
291,D,V,1.4637318788100393
207,K,H,1.462869898622143
53,D,Y,1.4625692715954692
(HA2)124,K,A,1.4606381283277614
(HA2)196,F,S,1.4602241423905014
46,S,A,1.4580185272901272
225,N,E,1.457655464744964
207,K,V,1.4554639839557746
190,D,E,1.4549298781053204
220,R,N,1.4446424613814737
220,R,H,1.4416902152643893
225,N,G,1.4385959573236464
(HA2)2,I,L,1.4244452381613155
71,L,S,1.422215241089347
189,K,D,1.4216146634816536
(HA2)211,Q,P,1.4149963985321576
158,N,S,1.3913967692146723
(HA2)32,R,K,1.3831953254205345
192,I,T,1.3823863017760554
114,S,T,1.3818308426782862
158,N,C,1.378634419902793
(HA2)9,F,P,1.3785602279073967
98,Y,I,1.378554757167656
62,K,S,1.3785293014032487
176,K,G,1.3785273794628485
231,S,E,1.3783887791999585
31,N,Q,1.3780310893623628
(HA2)97,E,K,1.3779726444419627
(HA2)28,N,S,1.3708163885731555
189,K,N,1.3686986598285027
(HA2)82,K,L,1.3668968454306616
246,N,Y,1.3617017254565404
(HA2)69,E,S,1.3608699624753533
22,N,Q,1.3578393299139069
47,S,V,1.357785757068427
(HA2)101,A,L,1.3545935155720454
171,N,L,1.3522570957618432
(HA2)96,A,T,1.3414973154562544
(HA2)119,F,A,1.3414399690834227
(HA2)107,T,N,1.3413128752062597
(HA2)179,K,C,1.3412577506134764
(HA2)162,Y,W,1.3410278487277472
228,S,A,1.33936785517615
-8,Y,I,1.337331214351795
(HA2)102,L,M,1.3311672604249687
160,K,P,1.3224141369463753
1,Q,G,1.312572480270814
223,V,L,1.305637538004975
321,R,S,1.3050552971627143
96,N,G,1.3006587930347544
(HA2)20,G,A,1.2937554977800314
(HA2)32,R,A,1.293640848956964
198,A,S,1.2932404881876518
(HA2)172,Q,V,1.2833649864347874
165,N,K,1.2732481682590056
(HA2)8,G,D,1.2724190401856605
220,R,E,1.2722568354974517
53,D,N,1.2702584999600524
304,A,G,1.26955545532432
2,K,N,1.2694599201464145
229,R,P,1.264290539175365
(HA2)115,M,T,1.263259258736709
99,P,A,1.2631196278526093
(HA2)60,N,C,1.2628649528936569
229,R,S,1.2621931570173712
178,Y,R,1.2621382919168138
240,G,C,1.2620980960867956
189,K,S,1.2596235573994732
(HA2)187,L,A,1.2496589270227656
91,S,N,1.2463465065558388
72,G,R,1.2446617697325275
124,S,H,1.243925319959386
(HA2)86,D,I,1.242620939332287
(HA2)73,V,G,1.2417506086858534
128,T,V,1.2356061236067075
87,F,V,1.2355820240923758
76,C,F,1.2352513475158717
(HA2)181,G,V,1.234005615803261
(HA2)113,S,A,1.2287950238103598
(HA2)218,N,L,1.2268027250607336
(HA2)195,C,G,1.226620822008091
282,I,V,1.225971042197183
45,S,G,1.223216852132658
109,R,G,1.2225884586115598
256,G,D,1.2211424575087984
100,Y,P,1.217237319556502
49,G,V,1.2143680959371626
305,C,R,1.2136763491630942
164,L,V,1.2131092733474254
(HA2)106,H,K,1.2106349040074773
222,R,M,1.2100770135133703
90,R,H,1.2096395949029384
-2,F,E,1.2085430563029007
(HA2)183,K,E,1.207154535856489
218,G,V,1.2064569563571363
(HA2)128,E,T,1.2048952368175219
(HA2)35,A,S,1.2048525213453765
99,P,R,1.1999250436346793
135,T,S,1.1984834098424384
4,P,Q,1.1945062982658154
160,K,G,1.1935315053335083
181,G,Y,1.1930037305521781
220,R,Y,1.1917081315165192
26,V,A,1.1907414949514106
(HA2)164,D,T,1.1807559329157769
(HA2)194,S,P,1.1791309677053572
86,L,V,1.1687724372374484
295,Q,K,1.1684339381414968
(HA2)138,F,H,1.1682279827507216
329,R,H,1.1644562326759238
213,V,I,1.1572234069502911
229,R,M,1.1564760837984625
213,V,D,1.1553647471125594
275,G,N,1.1552949181726966
275,G,D,1.1502614894227738
162,P,T,1.1486505594063972
51,I,L,1.141524159498812
(HA2)127,R,S,1.138433184692921
(HA2)82,K,F,1.1377721637560518
(HA2)118,L,V,1.1375537642465847
263,G,H,1.1375446543761558
12,T,L,1.1375251040773724
(HA2)36,A,K,1.1375243216185007
(HA2)1,G,P,1.1374363362973041
112,V,N,1.1374101264765133
306,P,K,1.1373774556500296
200,G,W,1.1372157960478402
59,L,D,1.1369643677724635
167,T,I,1.1369122197006698
(HA2)167,L,T,1.1368561953862666
(HA2)73,V,K,1.1368532273629057
(HA2)116,N,E,1.1364670835402637
203,T,S,1.1348572923324312
-8,Y,L,1.1347620579681106
(HA2)99,L,K,1.1346540520550856
(HA2)159,H,N,1.1338099244591178
(HA2)124,K,N,1.1332175026909652
(HA2)49,N,P,1.1331619713226704
-2,F,W,1.130382567283201
(HA2)120,E,K,1.129782170967155
103,P,L,1.1280246171867738
-13,I,P,1.1267717444789829
53,D,Q,1.1264317806610962
193,F,Q,1.1256521114924403
100,Y,N,1.12263704792686
(HA2)152,I,N,1.1193607848197904
133,N,P,1.1172480649452117
116,G,D,1.1109002725584742
-15,K,L,1.109951657413426
(HA2)137,C,L,1.1089248570783974
166,V,M,1.1067999464092453
208,R,L,1.1057583893590517
(HA2)85,E,G,1.1024300314295743
(HA2)158,D,E,1.100165340552394
210,Q,R,1.0997074197944643
273,P,R,1.0934402102370637
278,N,T,1.093223448046682
(HA2)199,C,W,1.09105486669132
182,V,Y,1.0910539267686377
227,P,I,1.089111835554625
(HA2)161,V,I,1.0873980222863577
(HA2)32,R,I,1.086025602921051
(HA2)16,G,V,1.085258356065204
291,D,Y,1.0842557281998682
(HA2)101,A,R,1.0810906008723828
(HA2)68,K,S,1.0778960781214562
(HA2)175,G,T,1.0773866544626325
(HA2)188,W,R,1.0761193082246496
(HA2)150,G,Q,1.0746281316612256
(HA2)177,E,D,1.0738479191993868
266,S,R,1.0691916592789796
185,P,V,1.0688849549079038
265,S,A,1.0687613636818274
243,L,P,1.0673599619640914
(HA2)86,D,G,1.0669573881432368
278,N,P,1.065144700821602
33,Q,R,1.0621390104250668
2,K,R,1.0613105303189458
36,V,L,1.0597684994575307
199,S,L,1.057179673171386
(HA2)139,K,M,1.0567462983249603
8,N,L,1.0565503434803196
(HA2)138,F,W,1.0556412466016625
(HA2)158,D,P,1.0549216306763536
297,V,W,1.0536191261931345
279,S,T,1.053554468946177
324,P,M,1.0526019014168941
249,G,E,1.045335982226595
164,L,S,1.041303536101589
(HA2)193,I,V,1.0401787785857248
179,I,N,1.0397920905862421
(HA2)186,I,K,1.0383560030740797
(HA2)16,G,E,1.033143145226509
31,N,S,1.0293570784646764
(HA2)6,I,L,1.025726604555247
146,S,N,1.0249992497557916
209,S,G,1.0239977346739695
310,K,R,1.0232301551630547
(HA2)61,E,K,1.0225818221053853
(HA2)45,I,L,1.0217977615916138
(HA2)177,E,T,1.0217887787255255
(HA2)180,S,D,1.0217333831005386
(HA2)41,T,Y,1.0199637165883515
(HA2)81,E,D,1.0194575037649518
7,D,T,1.0149416536826092
145,N,K,1.0135001476481849
165,N,V,1.0131383141511876
164,L,H,1.0110125120466258
(HA2)121,K,Q,1.008627055671621
157,L,Q,1.006475891628498
124,S,I,1.0038492543641764
244,L,W,1.0020579466571475
196,A,G,1.0008873247902268
162,P,Q,1.0007727991321054
184,H,A,1.0006588286915477
(HA2)55,L,G,1.0005817020331806
(HA2)68,K,L,1.000270693573467
-5,C,Q,1.0001609977448433
(HA2)79,D,I,1.0000975270743955
(HA2)63,F,D,1.0000865786058049
18,H,I,1.0000845767065356
62,K,W,1.000017678149519
(HA2)120,E,F,0.9995816515722207
(HA2)133,M,F,0.9994777281379662
167,T,L,0.9994086959507349
(HA2)88,K,N,0.9934694860042393
(HA2)160,D,G,0.9915652602074551
(HA2)30,E,H,0.9867191696938797
300,I,D,0.9866967541775115
(HA2)14,W,D,0.986142753612272
322,N,K,0.9779281628801514
244,L,I,0.9775338446368633
161,Y,P,0.9771867566077863
45,S,T,0.974260987889552
(HA2)168,N,L,0.9717040660354452
(HA2)78,Q,L,0.9706953470824433
(HA2)160,D,W,0.9701242383062368
21,P,T,0.9693110769482574
323,V,R,0.9675225070402362
-16,M,G,0.9666577967784791
-6,L,D,0.9663764718352035
104,D,T,0.9657086844950041
276,K,N,0.9642725265610422
(HA2)8,G,S,0.9631677302668803
17,H,R,0.9547383888375827
277,C,Y,0.9540404501444713
223,V,G,0.9525365494522217
(HA2)211,Q,R,0.9453598097733271
(HA2)125,Q,I,0.944507988358839
287,S,G,0.9422221343566818
194,L,P,0.9405691477663866
124,S,R,0.9390999399478991
179,I,V,0.9387764813577323
262,S,T,0.938265324163487
189,K,G,0.938088005984449
163,A,G,0.9359843054926976
161,Y,F,0.935928425387108
(HA2)66,I,V,0.9358678642661964
312,N,H,0.9341617077694799
5,G,S,0.9291836470247684
300,I,N,0.9284503564216111
298,N,C,0.9281691132394331
(HA2)114,E,K,0.9278378893337985
210,Q,I,0.9278278704287377
(HA2)21,W,S,0.9277653225099349
325,E,T,0.9273696627615785
(HA2)81,E,L,0.9270890003295068
157,L,A,0.9269579051785937
250,N,L,0.9265269199622832
(HA2)46,D,Y,0.9261945705372883
-14,T,P,0.9210917546736527
-14,T,L,0.9210917546736527
225,N,A,0.9170870833822612
(HA2)3,F,I,0.9170180863720314
87,F,L,0.9157801846400199
229,R,Q,0.9154679842946675
255,R,V,0.9145168335472902
256,G,Q,0.9143791601606001
205,S,Q,0.9142266523703153
212,I,D,0.914137149135514
259,K,M,0.9138588439390534
238,K,H,0.9138165563978571
232,I,R,0.9137865336993882
210,Q,T,0.9129505097829195
(HA2)208,W,L,0.9124057233358759
(HA2)111,T,S,0.9092483385440266
228,S,R,0.9088584099777904
328,T,A,0.9086270038209409
(HA2)48,I,T,0.9081160286678591
161,Y,H,0.9067974287163882
(HA2)73,V,S,0.906433550583903
222,R,N,0.9060492816470316
(HA2)156,T,V,0.9038195101344675
48,T,S,0.9006479476546477
(HA2)193,I,R,0.9002409125093555
255,R,K,0.8987543614237985
(HA2)125,Q,M,0.8942656281596499
(HA2)57,G,H,0.893904706909146
(HA2)128,E,L,0.8938284972150886
(HA2)105,Q,V,0.8936915959440302
(HA2)107,T,I,0.8932262720203229
176,K,E,0.8931830867375915
221,P,S,0.8929441623561122
(HA2)113,S,I,0.8921254894964523
-2,F,S,0.8910229342008501
52,C,R,0.8903413867628324
68,D,E,0.8902268418511744
9,S,D,0.8901643367329808
46,S,N,0.8899961953727757
19,A,V,0.8898158572495274
225,N,S,0.8898068466567348
171,N,V,0.8881487972234924
131,T,K,0.8876846530629083
172,E,A,0.8875704422718764
95,S,E,0.8875437130417132
82,K,I,0.8871445268915064
122,N,D,0.8858890714303925
300,I,T,0.8851710084144018
(HA2)191,F,L,0.8845490821552866
299,R,K,0.8842726020516669
299,R,I,0.8833349756103572
(HA2)85,E,V,0.8809869526555614
(HA2)18,V,Y,0.8790484482609011
275,G,Q,0.8783422430181606
(HA2)82,K,R,0.8769411034960332
67,I,V,0.8739260418564347
255,R,G,0.8734873385647699
145,N,T,0.873184135911063
(HA2)47,Q,S,0.8712240126785609
(HA2)206,I,V,0.8686621731737316
157,L,F,0.8664576577960627
(HA2)140,I,A,0.8656500338628093
235,T,A,0.8630669214628769
(HA2)139,K,R,0.8627610697241419
(HA2)158,D,N,0.8614847607936075
261,R,V,0.8574388965767307
(HA2)13,G,S,0.8567711847040788
(HA2)59,T,P,0.8563934399685037
(HA2)41,T,S,0.8555136103611078
(HA2)65,Q,H,0.8550347738892333
(HA2)73,V,F,0.8537352204142037
(HA2)55,L,R,0.8526656909352544
(HA2)68,K,G,0.8523980444819838
(HA2)57,G,T,0.8517067230032038
(HA2)91,L,H,0.8511130893189229
26,V,E,0.8490564332631708
137,S,I,0.8486916534261264
101,D,M,0.8485944451805912
188,D,Q,0.8484280242690682
43,V,G,0.8483552850851348
266,S,L,0.8483042957580567
(HA2)93,S,V,0.8481385540102848
(HA2)79,D,A,0.8480944336293457
246,N,L,0.8480623443683917
241,D,S,0.8480097476042701
-10,L,C,0.8480095460653306
66,L,S,0.8480009376384918
(HA2)129,N,H,0.8479280230255474
(HA2)25,R,C,0.847925717199492
85,D,A,0.8478671369678492
279,S,V,0.8478134753944683
294,F,K,0.8477624210377297
(HA2)35,A,Y,0.8476949029523765
217,I,A,0.8474952809801434
(HA2)77,I,W,0.8473884893343531
156,H,V,0.8472382324939998
29,I,G,0.8471428596656543
225,N,T,0.8467381247648489
44,Q,I,0.8464082401355406
88,V,A,0.8463578187325835
249,G,T,0.8463031812712952
-15,K,P,0.8462247963295945
223,V,A,0.845884975165742
212,I,L,0.8455157464105402
237,V,I,0.8449596075982758
187,T,F,0.8446137366312136
208,R,E,0.8440218748088221
25,I,Y,0.8437856158806826
328,T,R,0.8434545471161833
(HA2)160,D,R,0.8418363589901913
(HA2)216,R,K,0.8405900509868822
57,Q,G,0.8405791348483486
(HA2)147,A,S,0.8397394356376691
(HA2)40,S,T,0.8378057005558304
(HA2)130,A,N,0.8375784963468527
(HA2)52,L,P,0.8369724970577017
14,C,Y,0.8364188988563032
(HA2)207,M,P,0.8250982278175742
293,P,S,0.8241188286029479
251,L,P,0.823212828105771
43,V,I,0.8220290850936999
(HA2)217,C,F,0.8213860465932293
(HA2)157,Y,H,0.8201108571226805
266,S,P,0.8183207913766841
-6,L,T,0.8147989137725558
224,R,K,0.8145698471900681
149,S,G,0.8135139198128556
(HA2)142,H,A,0.8131524516825059
(HA2)14,W,Y,0.8114566814509777
(HA2)89,I,E,0.811269424369619
(HA2)103,E,K,0.8109825454530062
230,I,V,0.810838206139577
(HA2)27,Q,A,0.8064463654212304
70,L,D,0.8049137564292946
9,S,Y,0.8048755284535489
44,Q,V,0.8034894373980743
(HA2)138,F,P,0.8022274845161581
192,I,R,0.8017430394027347
192,I,P,0.8017430394027347
(HA2)67,E,G,0.7952033180246787
18,H,L,0.7940609719336154
203,T,V,0.7920061619532941
(HA2)34,Q,V,0.7912537626627825
310,K,F,0.7912298753552924
(HA2)4,G,M,0.7910676598296866
321,R,Y,0.7907449862525372
(HA2)16,G,H,0.7906246326604833
326,K,Y,0.7905384699361822
41,E,G,0.7904514855714211
(HA2)14,W,E,0.7904241061094067
301,T,M,0.7903847157374437
215,P,R,0.7898786008300306
(HA2)183,K,S,0.7867481689787491
47,S,P,0.7863377086436317
(HA2)198,L,I,0.7830911314086898
64,C,G,0.7801254583188277
(HA2)216,R,G,0.7787127865199239
-15,K,W,0.7783590339236969
(HA2)95,N,D,0.7770840362442978
233,Y,N,0.7768217285865606
181,G,K,0.7767600018472407
236,I,W,0.7765020370788337
232,I,S,0.7762830099494531
158,N,D,0.7756691457846694
110,S,L,0.7716718314821801
233,Y,H,0.7642692878997158
61,G,R,0.7634124111923983
(HA2)5,A,T,0.7621188738634356
160,K,H,0.7600833348913449
(HA2)211,Q,T,0.760031978047308
(HA2)53,N,V,0.7589436741133907
(HA2)138,F,V,0.7572173024759435
(HA2)170,R,M,0.7570310961208853
196,A,V,0.755676481757432
120,F,L,0.755293140339059
(HA2)17,M,D,0.7549996795853411
(HA2)39,K,P,0.7544832952046407
97,C,Y,0.7533014355582484
3,L,C,0.7529586539919497
38,N,E,0.7529400338399208
45,S,Y,0.7529347667528633
(HA2)57,G,V,0.7522555749415338
(HA2)11,E,G,0.752250195113037
23,G,V,0.7510221680183649
58,I,G,0.7506087697149137
219,S,P,0.7501588420206021
85,D,Q,0.7500539195767092
(HA2)136,G,S,0.7490784264729402
284,P,S,0.7454192958817498
293,P,G,0.7453066056319377
(HA2)72,E,N,0.7451812316949897
318,T,H,0.7450932222881917
315,K,S,0.745024345369862
145,N,L,0.7448292688171007
(HA2)120,E,I,0.7448191030506505
(HA2)10,I,M,0.7439099530363936
(HA2)172,Q,P,0.742465634604063
103,P,D,0.7410996186989579
(HA2)176,V,F,0.7409198442716989
(HA2)208,W,H,0.7403220267565243
(HA2)91,L,V,0.7402268817147869
(HA2)81,E,K,0.7380567202642565
5,G,Q,0.7358071640568009
56,H,I,0.7352280788253126
(HA2)4,G,S,0.7346010372310143
268,M,T,0.7341493522366528
80,Q,V,0.7328026392179257
(HA2)15,E,S,0.7323282529424591
158,N,K,0.7302256476586988
92,K,N,0.7301377833976372
(HA2)58,K,E,0.7293766572014847
13,L,P,0.7279755303484508
228,S,I,0.7236047144531452
(HA2)180,S,M,0.7227298497352851
(HA2)18,V,E,0.7215070569111686
242,I,Y,0.7207625837132865
208,R,W,0.7201150005225272
155,T,A,0.7196671468184523
248,T,A,0.7188767354390568
146,S,G,0.7178875939897209
(HA2)212,K,S,0.7176864000152092
164,L,F,0.7157067587506423
(HA2)78,Q,R,0.7151382059930045
(HA2)193,I,T,0.714422241055949
308,Y,D,0.7088643004069173
325,E,Q,0.7070951958527586
214,S,D,0.7070059474991164
125,F,S,0.7058533631086372
(HA2)155,G,F,0.7058467760649415
(HA2)205,F,R,0.7045477870851667
(HA2)101,A,V,0.70441116182126
(HA2)63,F,L,0.7031560577004292
(HA2)64,H,R,0.7025722820532025
80,Q,A,0.7016334566621752
321,R,V,0.6999545680393064
(HA2)195,C,W,0.6999527238943473
301,T,I,0.6995541018549805
203,T,A,0.6990714050537021
299,R,S,0.6989104044729295
(HA2)134,G,S,0.6981344056342598
(HA2)184,D,E,0.6973588799848041
(HA2)153,R,V,0.6972758364982246
(HA2)120,E,V,0.6968813077114835
(HA2)117,K,L,0.6952897754462832
(HA2)22,Y,L,0.6949987725560095
(HA2)91,L,F,0.6947615511410499
119,E,V,0.693261047376384
(HA2)25,R,K,0.6916315739212133
220,R,F,0.6913977101537865
(HA2)189,I,V,0.6901945186443401
(HA2)43,A,Q,0.6900621755131737
(HA2)53,N,R,0.6883175674543478
(HA2)30,E,G,0.6872836893361727
(HA2)143,K,F,0.6862013698781875
(HA2)63,F,I,0.68609623354446
(HA2)37,D,I,0.6858948504194124
(HA2)107,T,M,0.6855991621998831
192,I,M,0.6840787675555087
-6,L,G,0.6811871810347627
248,T,P,0.6809335946793701
223,V,S,0.6793915499829565
218,G,W,0.6793258688302071
218,G,Q,0.6793258688302071
34,I,Q,0.6792342299940053
137,S,K,0.678766651983814
(HA2)180,S,L,0.6786963385656759
-2,F,N,0.6785395918153677
(HA2)8,G,V,0.6783036794299118
316,L,Y,0.6782857027049546
316,L,H,0.6782857027049546
304,A,L,0.6782206935784356
190,D,A,0.6781860917959173
287,S,T,0.6781659079678608
125,F,V,0.6781606559123798
308,Y,K,0.6781369426019288
140,I,P,0.6781352274090596
263,G,Q,0.6781130357388587
273,P,K,0.6781125975773716
(HA2)76,R,C,0.6781049778329065
25,I,K,0.6780819541683225
25,I,N,0.6780819541683225
197,Q,H,0.6780254023135655
(HA2)26,H,T,0.6780236643784106
(HA2)83,Y,P,0.6780149217093039
313,T,L,0.6779560005234977
(HA2)111,T,W,0.6779366581477572
119,E,R,0.6779294598864771
247,S,L,0.677927232985668
88,V,N,0.67791770920266
46,S,K,0.6779049499007124
(HA2)57,G,M,0.6778797890123969
68,D,A,0.6778734333080039
267,I,S,0.6778421206179429
102,V,G,0.6778184279038557
148,F,Y,0.677806437412547
(HA2)105,Q,M,0.6778051397047731
78,D,I,0.677719645867787
(HA2)128,E,Q,0.6776794761711541
39,A,G,0.6776389192562433
(HA2)42,Q,D,0.677594240972396
34,I,C,0.6775818765780733
4,P,I,0.6775442971037186
167,T,C,0.6774806010633725
327,Q,V,0.6774501484335553
(HA2)62,K,P,0.6774488737310345
27,K,P,0.6773901099560791
280,E,H,0.6773597290007021
5,G,F,0.6773500218999045
214,S,C,0.6773014335724538
(HA2)17,M,Q,0.6769554597683332
184,H,V,0.6768353763289832
121,N,P,0.6766931495625128
216,N,G,0.6762148225237105
79,F,M,0.6761999090291373
74,P,H,0.6759548250152981
161,Y,Q,0.6755258675330311
208,R,Y,0.6751793420831214
166,V,Q,0.674920781366557
95,S,P,0.6746991476905178
113,A,G,0.67465312477793
167,T,G,0.6742809818761527
(HA2)147,A,R,0.673882393669271
122,N,R,0.6736766632256064
122,N,G,0.6687195489554831
(HA2)27,Q,Y,0.6676444143086151
(HA2)47,Q,I,0.6675926973501243
(HA2)74,E,K,0.6658409887081532
(HA2)195,C,N,0.6653891106895737
287,S,N,0.6653410704168945
118,L,P,0.6650847964451554
142,R,G,0.6617643035879504
(HA2)147,A,Q,0.6596187444241608
(HA2)137,C,F,0.6582098530046665
(HA2)159,H,C,0.6568781129886537
(HA2)102,L,P,0.6561183679015172
(HA2)153,R,W,0.6555735417576152
323,V,H,0.6555429518246574
(HA2)203,L,N,0.6547469865814267
260,I,T,0.6484176247983737
163,A,E,0.6460934002911332
(HA2)124,K,L,0.6452294179322273
(HA2)53,N,L,0.6441313960040562
(HA2)41,T,I,0.6422859852072194
46,S,P,0.6420335989039818
3,L,P,0.6418962748067538
201,R,I,0.6409548568093121
285,N,H,0.638611318061598
313,T,Q,0.6384264737900306
(HA2)162,Y,F,0.6374615244995714
244,L,F,0.6352866848724557
56,H,F,0.631836959322472
186,G,D,0.631594129999099
283,T,A,0.631212813448472
162,P,S,0.630978378171498
(HA2)120,E,T,0.6293418856307145
188,D,E,0.6265687702784402
255,R,A,0.6250102163523055
268,M,K,0.624709735408134
174,F,H,0.6246764052174718
240,G,N,0.6246681754715038
211,Q,A,0.6246679359888823
175,D,P,0.6246383620660716
258,F,W,0.6244258558833082
214,S,H,0.6239795592974204
38,N,T,0.6212688300182845
30,T,D,0.6209998448847809
104,D,E,0.6191853362137749
82,K,N,0.6190024246024193
(HA2)82,K,S,0.6181449175106549
(HA2)160,D,L,0.6179291441518322
(HA2)214,N,M,0.6175180653805138
(HA2)214,N,T,0.6175180653805138
30,T,R,0.617348622612486
142,R,W,0.6156506692222429
275,G,T,0.6153078371843668
105,Y,S,0.614891307985119
(HA2)84,V,F,0.6130059012307711
89,E,K,0.6113428043932954
(HA2)126,L,R,0.6109465468265315
(HA2)76,R,K,0.6107142352794153
104,D,Y,0.6102555025805758
(HA2)131,E,Y,0.6098221567704006
291,D,R,0.6087101187436506
290,N,V,0.60775049525322
292,K,T,0.6076685186171304
239,P,S,0.6070131747765043
(HA2)53,N,W,0.6069405806683406
59,L,V,0.6062404176118785
(HA2)65,Q,D,0.605673810993123
(HA2)55,L,Q,0.6052527847490548
(HA2)96,A,L,0.6048013627760983
(HA2)83,Y,V,0.6046257670683803
(HA2)90,D,N,0.6042891242470905
(HA2)71,S,H,0.6039600113676014
(HA2)206,I,T,0.6034447890431399
81,N,D,0.6026797110609546
43,V,W,0.6013470270146506
51,I,K,0.6010616259012767
-10,L,I,0.6009641955421501
-9,S,D,0.6008343625536565
68,D,W,0.6007202246561895
78,D,W,0.6007118006096159
-12,I,N,0.6006560465799378
10,T,R,0.6004716595303614
329,R,S,0.5995409885169127
48,T,M,0.59949913430195
(HA2)97,E,G,0.5991147301228158
63,N,E,0.5987316231903465
120,F,V,0.5982529398103311
89,E,I,0.5981525311095706
127,W,F,0.5979557088679379
157,L,K,0.597733800713681
106,A,R,0.5976381664372465
138,A,F,0.597620989774739
244,L,N,0.5976197587880195
(HA2)70,F,L,0.5961576903024794
37,T,I,0.5934315715434191
(HA2)121,K,T,0.5919663159273103
(HA2)56,I,T,0.5919231031199612
(HA2)191,F,T,0.5876388364464892
299,R,Y,0.58552842512244
223,V,E,0.5845653371739417
140,I,T,0.583997393529769
219,S,C,0.5833837548448539
258,F,K,0.5831657701323643
(HA2)32,R,P,0.583147466151949
312,N,E,0.5830372460997539
304,A,M,0.583017490471406
214,S,R,0.5804575217144635
37,T,A,0.5799867408874533
224,R,M,0.5792908740211528
216,N,D,0.5786225123912214
259,K,R,0.5763164106581453
2,K,C,0.5748101659307032
(HA2)83,Y,C,0.5734617645340317
35,E,C,0.5723499556609875
(HA2)206,I,N,0.5723444941159339
(HA2)107,T,P,0.5719852866118986
323,V,T,0.5716504069292341
159,F,P,0.5708196692872176
145,N,S,0.5700000694010361
(HA2)149,I,L,0.5695762450473385
80,Q,S,0.568692293768882
(HA2)121,K,S,0.5674737785240445
107,S,N,0.5662605019802973
98,Y,K,0.5661158085674534
157,L,D,0.5639793007510812
285,N,D,0.5628220988869119
290,N,R,0.562792138521048
(HA2)137,C,A,0.5626275134678917
(HA2)49,N,D,0.561988135622786
227,P,E,0.5614544131768312
272,A,T,0.5610083195211468
(HA2)176,V,W,0.5605246245476319
(HA2)164,D,H,0.5583891810702186
238,K,T,0.5580956127037381
(HA2)132,D,F,0.5579063348346369
(HA2)152,I,F,0.5576789989085709
50,E,I,0.5575567912900097
-15,K,T,0.5572639658755475
(HA2)159,H,T,0.5567252077663607
(HA2)168,N,K,0.5550967413387411
(HA2)185,W,T,0.5549937806242025
314,L,P,0.553464735558265
(HA2)174,K,T,0.553131279113672
214,S,N,0.5529148354069067
227,P,S,0.5528532660482453
220,R,A,0.5527160156262308
(HA2)156,T,I,0.5525333617258912
60,D,Y,0.551233965172069
258,F,I,0.5502637300366022
187,T,Q,0.5501806803919567
6,N,K,0.5499335283744928
247,S,H,0.5498080927242646
206,T,I,0.5493835411754041
(HA2)61,E,M,0.5488785241990125
(HA2)54,R,V,0.5478815825852441
(HA2)204,G,W,0.5478556869909692
(HA2)208,W,E,0.5476769488141284
224,R,Y,0.5470040062447468
(HA2)121,K,G,0.545205436834112
(HA2)219,I,T,0.5449356675703558
(HA2)156,T,A,0.5443678002832746
107,S,P,0.5440931490453249
(HA2)88,K,G,0.5435047371564521
(HA2)5,A,V,0.542971806714626
(HA2)61,E,S,0.5423354795237462
(HA2)177,E,L,0.5423321520069463
71,L,W,0.5422627681160901
3,L,Y,0.5421455095919292
54,S,C,0.5419765227150002
184,H,D,0.5405534923745502
63,N,T,0.539847109205229
80,Q,G,0.5397563301309607
114,S,Q,0.537084038624434
230,I,M,0.5364331957041025
37,T,N,0.5337897932307807
-13,I,S,0.533771661172747
142,R,E,0.5328939018336735
311,Q,H,0.5317340079219968
(HA2)25,R,V,0.5316369311874235
313,T,N,0.5311104495308744
-6,L,K,0.5302544823695553
287,S,I,0.5283924081154907
266,S,A,0.5227666964282697
201,R,D,0.5226940368660153
226,I,G,0.5225661104280699
(HA2)204,G,E,0.5217870334934134
101,D,E,0.5209043102169226
(HA2)30,E,S,0.5195396566672983
307,R,S,0.5187063369901576
49,G,A,0.5170269991023272
(HA2)29,S,R,0.5141868563751837
302,Y,C,0.5138586551047591
(HA2)168,N,V,0.5135060669472054
(HA2)60,N,T,0.5128960449169611
241,D,N,0.5127669952187748
141,R,M,0.5107451774011467
(HA2)183,K,A,0.5094518630875617
(HA2)183,K,C,0.5091927970399855
224,R,I,0.5085636246225689
249,G,W,0.5083161515193584
9,S,L,0.5072340283199568
94,Y,R,0.50566411174203
80,Q,K,0.5050395126597067
(HA2)81,E,V,0.5042042759475728
(HA2)36,A,R,0.5041631265740387
(HA2)99,L,A,0.5034624390232479
88,V,F,0.502658381044526
128,T,N,0.5026415803569005
32,D,P,0.5020873146273592
242,I,F,0.5011034901100919
51,I,T,0.5003913235387312
1,Q,P,0.4984100045377608
275,G,R,0.498355468227005
(HA2)84,V,D,0.49746793183527277
54,S,T,0.4954912233797238
107,S,F,0.49425756801608856
50,E,D,0.4939942212344546
103,P,A,0.4920370234964169
(HA2)166,A,Y,0.49146923364312184
105,Y,L,0.4912083235850633
91,S,P,0.4894846730632711
(HA2)73,V,D,0.48710681683497853
(HA2)172,Q,H,0.4864858478516556
262,S,M,0.4863078076083843
161,Y,V,0.48628185221295483
137,S,N,0.486121574041418
101,D,T,0.48602436579588293
(HA2)4,G,T,0.48601330142548377
(HA2)207,M,I,0.48599959610582355
178,Y,L,0.4859852524168589
109,R,P,0.4858051316546337
266,S,Q,0.4857342163733486
316,L,I,0.48564062476255865
316,L,V,0.48564062476255865
(HA2)125,Q,H,0.48560628577288073
(HA2)70,F,M,0.4855531072959348
(HA2)70,F,A,0.4855531072959348
221,P,I,0.4855435462267514
221,P,D,0.4855435462267514
326,K,W,0.48553482048114466
213,V,K,0.4855225809290552
18,H,P,0.4855114038767775
314,L,Y,0.4854959466232429
198,A,G,0.4854947370594707
(HA2)72,E,D,0.48549211762550165
(HA2)118,L,C,0.48547706766689197
235,T,R,0.4854761532492744
54,S,M,0.48547410352287745
(HA2)76,R,Y,0.4854598998905105
129,G,W,0.4854535143254636
128,T,R,0.4854423593285166
66,L,R,0.48543085825378374
250,N,K,0.48542602315917377
(HA2)95,N,Q,0.4854112565201848
(HA2)95,N,Y,0.4854112565201848
(HA2)95,N,T,0.4854112565201848
(HA2)95,N,F,0.4854112565201848
153,W,G,0.4854111676575659
277,C,G,0.48538565205434475
49,G,W,0.4853837070008347
49,G,E,0.4853837070008347
(HA2)126,L,M,0.4853768504169655
(HA2)129,N,Y,0.48535794364083923
297,V,C,0.485344989678146
38,N,W,0.48533957454863585
141,R,Y,0.4853334289804641
147,F,K,0.48533109503206795
11,A,G,0.48532961246465156
(HA2)64,H,I,0.4853271831891608
204,V,N,0.48531663751638615
155,T,L,0.4853036505352081
319,G,P,0.4853011326389066
257,Y,V,0.4853009168904633
30,T,V,0.4852973774327759
265,S,C,0.48527596631648034
(HA2)23,G,L,0.4852611863960553
(HA2)107,T,D,0.48524874874596213
325,E,H,0.48523846056040215
325,E,N,0.48523846056040215
123,E,T,0.4852187981132275
(HA2)72,E,A,0.4852102743491652
(HA2)110,L,C,0.4852070099662663
(HA2)110,L,Q,0.4852070099662663
180,W,G,0.48519025685512435
260,I,K,0.4851889486247327
36,V,N,0.48518127316797643
301,T,P,0.48517053959919093
234,W,A,0.4851673820246127
(HA2)56,I,D,0.4851487145179122
317,A,G,0.4851417616136532
(HA2)90,D,F,0.4851389300006437
191,Q,N,0.4850952163081064
258,F,R,0.48507274499213987
81,N,Q,0.4850065646217565
(HA2)51,K,V,0.48496834941324274
(HA2)51,K,L,0.48496834941324274
73,D,I,0.48494181715494367
173,Q,I,0.48493552381070265
217,I,W,0.4849252015954352
163,A,D,0.48479830476081903
(HA2)54,R,Q,0.48479212068480004
199,S,K,0.484790090890575
-1,A,L,0.4847264371499155
226,I,W,0.4842434258515332
(HA2)92,W,M,0.4842232436429426
(HA2)17,M,R,0.4842165436488558
-7,I,M,0.48406889431902766
(HA2)165,E,G,0.48401891600330915
72,G,K,0.4839713394786178
(HA2)158,D,Y,0.48371491837868125
216,N,W,0.48356974458131474
23,G,I,0.4834780137845154
(HA2)176,V,S,0.4830810261453499
(HA2)208,W,T,0.4824614765689686
(HA2)180,S,E,0.4822149673740224
(HA2)180,S,N,0.4822149673740224
(HA2)196,F,L,0.4814997698548808
(HA2)18,V,Q,0.4805853402485755
268,M,I,0.4804240161112915
3,L,I,0.4803007032293732
-6,L,R,0.47988103204009197
(HA2)163,R,K,0.4769627248059585
(HA2)147,A,W,0.47242236816273775
(HA2)34,Q,R,0.4714123827530066
6,N,P,0.47123128452281643
(HA2)137,C,M,0.4710378049544981
69,A,T,0.4707272424923686
(HA2)158,D,I,0.47042194560290235
(HA2)212,K,H,0.4693810569355936
(HA2)131,E,S,0.4692295225357763
281,C,G,0.4686975978877526
297,V,S,0.4686566254719786
(HA2)172,Q,T,0.4686498348788882
302,Y,R,0.46855738179583417
(HA2)23,G,V,0.4685493906666216
(HA2)153,R,M,0.4683738817616309
(HA2)165,E,H,0.46835450766213943
280,E,D,0.46807995291624765
(HA2)174,K,M,0.46783287509329863
(HA2)211,Q,F,0.46724984503358763
224,R,S,0.4670894860534099
5,G,D,0.4669964585196951
(HA2)187,L,M,0.4666290495383
(HA2)167,L,I,0.4665046741740655
(HA2)109,D,N,0.4660905565662711
312,N,G,0.46543256543138506
(HA2)84,V,I,0.46519354254087963
(HA2)150,G,N,0.4648115394999085
(HA2)173,I,E,0.4644103921625075
(HA2)144,C,K,0.46349982091051556
144,K,R,0.4633434169047924
(HA2)147,A,L,0.46136241138219186
(HA2)47,Q,K,0.4599249139889182
243,L,I,0.45784503312603775
-7,I,A,0.45698715267550155
(HA2)88,K,V,0.4562485281442863
(HA2)207,M,F,0.4561320910212042
178,Y,H,0.4560791386544801
(HA2)20,G,L,0.4559350441756746
(HA2)6,I,P,0.4558976392438527
(HA2)33,G,A,0.45581250962601566
(HA2)26,H,R,0.4557801876229255
179,I,H,0.4548295898650858
(HA2)29,S,W,0.4547886887195397
175,D,E,0.4547133606237591
257,Y,T,0.4546591289146475
200,G,M,0.4545144396803487
253,A,L,0.4543772778216951
(HA2)131,E,C,0.45235790003813675
172,E,D,0.4504128973289918
152,N,S,0.45035134586717784
320,M,I,0.44780376863426224
(HA2)32,R,M,0.44564394240201405
(HA2)184,D,Y,0.44490964766837354
(HA2)186,I,Y,0.4440618544763252
(HA2)45,I,V,0.44375357759018363
26,V,M,0.44232403475179416
(HA2)161,V,W,0.4414357909761975
50,E,G,0.43921784016806775
(HA2)96,A,P,0.4384896309085505
(HA2)61,E,F,0.4350417151451798
(HA2)82,K,V,0.43500207300766897
(HA2)76,R,P,0.4347295757609826
(HA2)129,N,V,0.4346701744593929
(HA2)117,K,H,0.4346244582398567
(HA2)93,S,L,0.4346143915742579
(HA2)95,N,A,0.4345812968205586
(HA2)119,F,P,0.43454937347490413
(HA2)123,K,N,0.43453495192603553
(HA2)57,G,I,0.4344730882718488
(HA2)75,G,K,0.4342989986916975
(HA2)122,T,D,0.4342454388008559
294,F,L,0.4330373039011328
(HA2)152,I,Y,0.4326226386298668
184,H,F,0.4321964844703672
248,T,H,0.432081779743698
204,V,F,0.43131511518883425
249,G,L,0.4312656819924513
180,W,I,0.43122326774412906
241,D,P,0.4311525413662101
77,D,V,0.4311319992758455
267,I,L,0.4311070862809049
236,I,G,0.43108585321556464
37,T,S,0.43082088762596366
-13,I,N,0.4306785748467623
41,E,R,0.4301829964271874
144,K,H,0.4301260126997177
7,D,W,0.4299791529614531
(HA2)79,D,N,0.4297438385306575
23,G,A,0.4290940731310025
(HA2)52,L,Y,0.42901038736671837
137,S,R,0.42880595817704176
151,L,W,0.4283610128330158
128,T,D,0.4282512015491034
147,F,Y,0.4281321020561931
115,S,T,0.4281208191786842
129,G,D,0.42809120317212823
93,A,G,0.427923116184775
7,D,N,0.42779789503750393
13,L,E,0.4270229847026653
96,N,F,0.4260625748622578
46,S,L,0.4259484149256978
(HA2)218,N,T,0.4255416915805586
257,Y,C,0.4246516417688319
(HA2)11,E,D,0.42453930982411203
(HA2)180,S,Y,0.4242580512609242
(HA2)117,K,N,0.42116599821754447
161,Y,N,0.4191416900390598
134,G,E,0.41857489810601894
(HA2)80,L,H,0.41587960009690433
17,H,D,0.4155972809677974
75,Q,R,0.41473371992958646
176,K,R,0.4131473933536245
253,A,G,0.4123339714061972
(HA2)30,E,D,0.41211621997019915
(HA2)176,V,I,0.411958169900495
(HA2)39,K,T,0.41182084900407917
(HA2)29,S,E,0.41076144539422826
32,D,N,0.4103226618122807
80,Q,R,0.4093646255119246
18,H,Y,0.4085796591058452
101,D,G,0.40743471268748865
(HA2)220,C,S,0.4066780517888312
(HA2)75,G,V,0.40605471853961267
(HA2)113,S,L,0.40544402767513477
(HA2)89,I,T,0.4047537735324934
19,A,T,0.40456542161395226
160,K,E,0.40397937401041195
(HA2)2,I,V,0.4021800161808175
220,R,Q,0.4019802255490812
43,V,L,0.4014068869399843
(HA2)157,Y,C,0.4012608803597143
44,Q,L,0.399240548934857
(HA2)196,F,R,0.39837228065835506
(HA2)127,R,H,0.3967210101956549
197,Q,R,0.39654189467311474
(HA2)36,A,C,0.39652981990490827
(HA2)150,G,Y,0.3965200140942528
(HA2)37,D,Q,0.3963882332244275
(HA2)117,K,Q,0.39634307819918596
(HA2)94,Y,N,0.3961727266915879
219,S,V,0.39581983707881674
(HA2)12,N,S,0.3943536996490046
1,Q,W,0.3928048704570101
312,N,T,0.3915776180277503
(HA2)176,V,K,0.39130381877966103
(HA2)186,I,Q,0.39115131095470274
(HA2)149,I,F,0.39111000497770143
(HA2)198,L,W,0.3906217781575842
26,V,R,0.39058655627618566
43,V,F,0.39051183927191807
(HA2)205,F,G,0.3904882336825667
(HA2)187,L,E,0.39041105411969373
-4,L,T,0.39021167159542547
49,G,T,0.39004822883214985
(HA2)142,H,Y,0.3893683564072114
(HA2)151,S,T,0.38844008625229737
(HA2)166,A,C,0.3856721667713793
217,I,Y,0.38511428265208075
124,S,Y,0.3851047790426447
214,S,W,0.385077852611754
110,S,R,0.3849529483072576
201,R,E,0.3848632670770627
156,H,Q,0.3844507903212746
(HA2)205,F,A,0.3842650700263115
(HA2)173,I,A,0.3841162823213114
192,I,V,0.3829254999220676
(HA2)137,C,S,0.3823237175234745
(HA2)184,D,L,0.38231279591911776
(HA2)206,I,G,0.37972704606101076
247,S,N,0.37889726008650104
-10,L,Y,0.37869531127697953
225,N,Q,0.37850994306322566
(HA2)202,L,Q,0.3778373428444905
(HA2)180,S,I,0.37751359281855396
23,G,E,0.37679265921929656
(HA2)172,Q,W,0.376596604778244
262,S,A,0.3762902979040554
(HA2)181,G,W,0.37593583949023257
(HA2)173,I,T,0.3755534235474785
98,Y,H,0.3748654595628084
(HA2)68,K,A,0.37405218716932753
(HA2)177,E,P,0.37190114114287154
(HA2)167,L,A,0.3702116926971806
142,R,Q,0.3690825796281038
154,L,S,0.3686523541368304
(HA2)164,D,L,0.36721262744904354
(HA2)129,N,R,0.36657219941294134
(HA2)91,L,I,0.36636817166026914
(HA2)65,Q,G,0.3660737113787549
(HA2)108,I,R,0.36546750563359864
215,P,N,0.36501196490561344
125,F,L,0.36487719094881416
(HA2)198,L,A,0.3638767843515302
(HA2)191,F,A,0.3638459699455432
305,C,F,0.3625315335672218
32,D,S,0.3597441634776617
38,N,K,0.3596881638679671
233,Y,S,0.35888781773844847
(HA2)26,H,Y,0.35879400267623185
91,S,I,0.3586013974736885
12,T,A,0.35816312036152254
(HA2)170,R,W,0.35765088705047865
222,R,P,0.35746283610203317
82,K,S,0.3574430949196145
-2,F,Q,0.35712031884461093
-2,F,D,0.35712031884461093
-6,L,P,0.35577845720582363
124,S,G,0.3527458425995816
262,S,R,0.3520642984692252
131,T,S,0.35195693459831745
(HA2)68,K,E,0.351706167397029
159,F,L,0.3515279821318404
94,Y,M,0.3501898319897891
57,Q,R,0.34984405655276646
124,S,D,0.3486088792633299
(HA2)124,K,E,0.34832875912480554
(HA2)55,L,F,0.3474241881655204
212,I,T,0.34560156007915355
(HA2)113,S,H,0.3431764374544649
-11,A,G,0.3429205652152292
(HA2)70,F,V,0.3428216954597734
(HA2)83,Y,D,0.34264807280312914
(HA2)19,D,N,0.34244297136586105
(HA2)100,V,G,0.3424040903560284
(HA2)99,L,E,0.3419181680454918
77,D,N,0.34057515528061266
(HA2)166,A,V,0.34030220307840187
13,L,R,0.3399515430654669
(HA2)169,N,G,0.33958846831609446
(HA2)177,E,K,0.33908579381584775
(HA2)141,Y,N,0.33809928363043584
(HA2)173,I,D,0.3360844711741545
(HA2)44,A,S,0.3359930413343661
(HA2)143,K,A,0.33581254860178383
(HA2)132,D,L,0.33551391349818865
(HA2)217,C,S,0.3349548194973096
282,I,T,0.33488607373871315
(HA2)197,L,C,0.3343967615261371
-12,I,V,0.33232238221883903
(HA2)150,G,W,0.3322480099307908
124,S,V,0.3313881612097254
159,F,D,0.3300898483052181
96,N,D,0.32898829681645325
(HA2)218,N,D,0.3285225295004119
(HA2)13,G,V,0.3272140180677179
(HA2)215,I,T,0.32698860068722113
(HA2)210,C,Y,0.3267006604532608
20,V,A,0.32661430945188136
(HA2)152,I,V,0.3262546574134319
27,K,R,0.32572892149328453
(HA2)31,G,E,0.3255000721522116
263,G,R,0.325270189048093
(HA2)16,G,A,0.3250741720956571
113,A,S,0.32499514709277333
(HA2)198,L,R,0.32491174202219203
(HA2)197,L,W,0.3231494050774273
136,S,I,0.322982506487593
(HA2)78,Q,E,0.32294750641744147
(HA2)189,I,M,0.32197486893695476
(HA2)31,G,L,0.3209071249941333
307,R,Y,0.3203674813881819
(HA2)84,V,A,0.31974080884647255
1,Q,A,0.31959218974883175
323,V,W,0.3186424786583678
(HA2)189,I,N,0.3175552277292603
(HA2)15,E,T,0.31729075366361537
177,L,F,0.317074100923975
171,N,S,0.31700004838287793
2,K,E,0.31647690842821924
(HA2)17,M,S,0.3144270881993596
1,Q,V,0.3143435393157827
115,S,P,0.3141781693385749
(HA2)99,L,P,0.3131921125339013
(HA2)164,D,A,0.31289926964828046
64,C,R,0.3116874898392585
70,L,T,0.31133836762988415
31,N,K,0.3112562093720192
(HA2)157,Y,S,0.3109403370771791
173,Q,P,0.3104926696721789
(HA2)137,C,Y,0.30962707632396863
(HA2)4,G,K,0.30919023450192823
(HA2)123,K,E,0.3065925522102975
(HA2)217,C,Y,0.30543848881166896
222,R,S,0.3047398400336909
(HA2)150,G,V,0.3042876654549613
142,R,K,0.30390160311269165
59,L,H,0.30146898074898115
94,Y,E,0.3014313680667027
301,T,K,0.2995725990211301
193,F,I,0.2975359101347718
261,R,E,0.29741242289010544
(HA2)206,I,C,0.29594776752751506
(HA2)147,A,I,0.29581201387851935
30,T,M,0.2957346520634734
(HA2)80,L,F,0.29519372526470244
62,K,R,0.29435439319401857
123,E,G,0.29426805897119535
-4,L,Q,0.29424380516893245
(HA2)193,I,M,0.29416435288527876
277,C,S,0.2937476470482941
298,N,T,0.2936995468486565
(HA2)5,A,C,0.2936507868472059
296,N,D,0.2934937614497126
318,T,K,0.29341704365329246
315,K,T,0.29329400260490457
326,K,S,0.2932417332296922
276,K,T,0.2931595118272706
280,E,Q,0.29310587915231406
-2,F,I,0.29301351633601447
261,R,G,0.2929401003550155
(HA2)182,Y,H,0.29278663073564
(HA2)51,K,G,0.2921931773749596
63,N,D,0.2917065170052271
(HA2)152,I,P,0.29123529857244607
(HA2)135,N,S,0.29101210130394106
185,P,Q,0.29085497071487754
(HA2)134,G,I,0.29001730437280515
132,Q,R,0.28992662415947523
(HA2)100,V,A,0.2874272244826951
273,P,D,0.2860852881794598
169,P,Q,0.2859546229156426
270,S,L,0.2858242643438745
290,N,Q,0.2858224003658576
302,Y,N,0.2857910892202842
(HA2)12,N,H,0.28574997960432325
-4,L,P,0.2855214213595839
156,H,Y,0.28507534869817824
227,P,V,0.2846331239300169
(HA2)47,Q,N,0.28455370015471804
(HA2)27,Q,P,0.28413023617410327
154,L,F,0.28340122176974475
112,V,F,0.28338646868869377
(HA2)133,M,P,0.2832115806466911
105,Y,C,0.2828851118261506
-3,V,S,0.2815419370919157
(HA2)99,L,V,0.28083740737111096
(HA2)140,I,Q,0.2806875331416533
(HA2)135,N,L,0.27715039460443625
291,D,L,0.27688390142576985
(HA2)6,I,E,0.2762881113578519
(HA2)20,G,N,0.2761123147658349
277,C,N,0.2760934999464656
311,Q,P,0.2760632859719717
281,C,S,0.27605251994535684
(HA2)25,R,P,0.2760356411079117
297,V,G,0.2760115475295826
279,S,E,0.2759468902826249
302,Y,P,0.27591230385343835
302,Y,L,0.27591230385343835
315,K,P,0.27575111209378766
303,G,S,0.2756591368012912
(HA2)15,E,Q,0.27513995221413895
(HA2)19,D,V,0.2751268478232986
324,P,E,0.274994322753342
242,I,M,0.27429045337882946
52,C,W,0.273832589033415
(HA2)201,A,S,0.27254499242034025
185,P,L,0.27217353207378886
(HA2)65,Q,T,0.27135624458599705
(HA2)113,S,R,0.2706325802058626
107,S,V,0.26944631218421433
224,R,C,0.26931550166737217
-14,T,I,0.268549300806305
186,G,P,0.26784272587830427
307,R,I,0.26700583230999153
(HA2)23,G,D,0.2668719032038025
(HA2)124,K,R,0.2664996504927204
26,V,G,0.26621061109682437
(HA2)94,Y,C,0.26610616683982313
225,N,F,0.2658022109706265
1,Q,M,0.26564055964651273
137,S,Y,0.26555954915122226
323,V,G,0.26553622840688285
(HA2)53,N,I,0.26527854066435663
225,N,M,0.2650103868025681
32,D,H,0.2645389832446148
223,V,W,0.26435405070411255
229,R,Y,0.2642905391753649
26,V,I,0.2640939325420148
(HA2)131,E,G,0.26406312595105663
196,A,E,0.2639217306240204
196,A,Q,0.2639217306240204
203,T,L,0.263700521271405
203,T,P,0.263700521271405
207,K,C,0.2636990284252072
(HA2)34,Q,C,0.263681867329608
(HA2)4,G,C,0.2636208800890358
(HA2)55,L,M,0.26361610786697465
210,Q,D,0.2635434709570294
(HA2)6,I,G,0.26347571427852795
(HA2)30,E,C,0.2634409823195545
43,V,P,0.2633927843639788
266,S,M,0.26334179503690075
300,I,S,0.26330027368887765
(HA2)127,R,P,0.2632833633356824
166,V,E,0.26327469998479786
(HA2)78,Q,C,0.2632566411768177
(HA2)78,Q,H,0.2632566411768177
228,S,C,0.26325100371857013
316,L,Q,0.2632482034261107
(HA2)5,A,E,0.2632464248720141
(HA2)5,A,F,0.2632464248720141
(HA2)5,A,N,0.2632464248720141
151,L,V,0.26319573415773906
-5,C,D,0.26319540357863697
71,L,P,0.26317681602502035
(HA2)93,S,M,0.2631760532891285
230,I,P,0.2631656096810971
230,I,C,0.2631656096810971
305,C,P,0.2631572046236377
190,D,L,0.2631485925170735
(HA2)97,E,Q,0.2631485503019505
213,V,P,0.2631301595926071
125,F,R,0.26312315663353614
295,Q,S,0.2631216005033578
314,L,S,0.26310352528679515
(HA2)72,E,Q,0.2630996962890538
308,Y,G,0.26309944332308494
308,Y,N,0.26309944332308494
329,R,D,0.2630912763148959
182,V,F,0.2630900684071483
182,V,D,0.2630900684071483
(HA2)118,L,I,0.26308464633044387
235,T,P,0.26308373191282663
(HA2)9,F,E,0.2630830104874607
54,S,D,0.26308168218642936
98,Y,A,0.2630775397477201
273,P,I,0.26307509829852777
129,G,N,0.2630610929890157
129,G,T,0.2630610929890157
284,P,A,0.2630587158225687
237,V,L,0.26305760115112675
62,K,P,0.26305208398331265
128,T,W,0.2630499379920689
128,T,M,0.2630499379920689
(HA2)85,E,Y,0.2630498689524779
268,M,C,0.26303786561975073
298,N,I,0.2630266673403514
177,L,M,0.2630246149687914
(HA2)100,V,F,0.26302259842341247
(HA2)74,E,V,0.263021221882411
153,W,V,0.2630187463211182
105,Y,D,0.2630161760710066
108,L,T,0.26300753914903297
179,I,M,0.26300735486952337
245,I,M,0.26300189114015166
(HA2)104,N,I,0.2629961490090334
277,C,W,0.262993230717897
(HA2)117,K,C,0.26299237532498115
(HA2)12,N,K,0.26299027310397805
(HA2)12,N,D,0.26299027310397805
64,C,Q,0.26298562593673
272,A,Q,0.26298153094038035
320,M,H,0.26297711563731724
174,F,E,0.26297002817047566
(HA2)129,N,W,0.26296552230439124
254,P,F,0.2629632204690651
136,S,A,0.2629583262902009
(HA2)33,G,F,0.2629544512697531
(HA2)40,S,R,0.26295357255673346
(HA2)40,S,C,0.26295357255673346
126,N,P,0.26295254456918776
126,N,Q,0.26295254456918776
38,N,M,0.2629471532121878
38,N,V,0.2629471532121878
112,V,L,0.2629410085603723
147,F,I,0.2629386736956201
211,Q,H,0.262934332091275
293,P,R,0.2629329982982071
(HA2)103,E,S,0.26292179953833295
313,T,P,0.262918501244654
322,N,L,0.26291794343733443
304,A,I,0.26291314113166425
231,S,C,0.2629115617800229
306,P,G,0.26290833773388866
30,T,F,0.262904956096328
212,I,E,0.26289847058861476
-11,A,P,0.2628977181769685
-11,A,C,0.2628977181769685
65,T,K,0.26288849659472113
134,G,I,0.2628855987674327
(HA2)22,Y,I,0.26288491655442475
139,C,A,0.2628822982186622
139,C,G,0.2628822982186622
184,H,L,0.26288063354164487
184,H,R,0.26288063354164487
(HA2)23,G,A,0.26286876505960743
46,S,W,0.2628674506218687
(HA2)60,N,I,0.2628649528936569
(HA2)57,G,N,0.26284228973355317
(HA2)119,F,C,0.262841631710079
68,D,S,0.26283593402916
292,K,G,0.262834475370229
303,G,P,0.2628244767067353
111,L,V,0.26282121801636643
111,L,F,0.26282121801636643
207,K,F,0.2628189060133788
127,W,D,0.2628148532563705
309,V,G,0.26281330639752215
309,V,F,0.26281330639752215
70,L,M,0.2628106417119832
40,T,P,0.2628084515573299
170,N,P,0.26280788560711466
37,T,K,0.26279981255910967
61,G,N,0.2627929569707406
253,A,N,0.26278408528658825
307,R,W,0.26278041383459344
301,T,V,0.2627781182627429
93,A,H,0.26275212172645707
133,N,Y,0.26274685759837363
133,N,R,0.26274685759837363
(HA2)90,D,S,0.2627465086641958
(HA2)90,D,M,0.2627465086641958
315,K,F,0.26273253082515685
(HA2)35,A,W,0.26273240223122024
187,T,W,0.2627218958058615
187,T,L,0.2627218958058615
(HA2)24,F,H,0.26270667737323966
191,Q,S,0.26270279497165855
-12,I,P,0.2626960408661913
28,T,F,0.2626864614770042
78,D,Q,0.2626821465889429
(HA2)7,A,P,0.26268118466909607
132,Q,V,0.26265115084037816
(HA2)128,E,Y,0.26264197689231034
(HA2)21,W,F,0.262618803352789
(HA2)58,K,A,0.26260904222773446
39,A,E,0.2626014199773995
-13,I,Q,0.2625974699472702
(HA2)50,G,M,0.2625762234885314
(HA2)51,K,S,0.2625759280767947
73,D,A,0.26254939581849573
(HA2)80,L,E,0.26251061642213797
289,P,F,0.26250374243071617
59,L,Q,0.2624952498563225
252,I,A,0.2624695863082907
8,N,W,0.26246664321436836
228,S,T,0.26244256167483976
149,S,C,0.2624290972025627
(HA2)77,I,C,0.2624259886131968
(HA2)77,I,H,0.2624259886131968
327,Q,I,0.26241264915471163
243,L,S,0.2624100439760701
(HA2)108,I,H,0.2624068852307565
-8,Y,M,0.2623618323467536
210,Q,K,0.2623563464679167
14,C,T,0.26234948989708856
14,C,W,0.26234948989708856
(HA2)46,D,W,0.2623475031510469
-1,A,H,0.26233401581346766
195,Y,D,0.262327396178962
29,I,N,0.2621803589444981
206,T,S,0.2621784606460538
250,N,Y,0.26216472105972416
185,P,R,0.26216269700808
205,S,G,0.26214995579062206
307,R,G,0.26208482106565284
254,P,R,0.2620782543122469
203,T,F,0.26204339722374337
226,I,F,0.2618510045150853
259,K,P,0.2617821473593602
238,K,S,0.26173985981816383
232,I,N,0.26170983711969514
160,K,L,0.2616806688432224
217,I,N,0.26160518247412734
72,G,A,0.2615789181421696
72,G,S,0.2615789181421696
72,G,Q,0.2615789181421696
248,T,K,0.26155374624071714
174,F,T,0.26145888824083463
219,S,M,0.26145565995749165
215,P,C,0.2614253358398381
209,S,C,0.2613640009245944
257,Y,F,0.26134358126443535
249,G,S,0.2613406805501391
235,T,I,0.26119018982574893
79,F,K,0.26116240975029326
262,S,E,0.26109483278110146
164,L,W,0.26091773437528215
143,S,L,0.2608767708111834
143,S,K,0.2608767708111834
96,N,R,0.2608281546987866
198,A,E,0.2606119011149915
259,K,L,0.26060327051159843
217,I,S,0.2603693124479928
204,V,E,0.2601361512601497
187,T,N,0.25993011689814427
92,K,M,0.2595458897510409
230,I,L,0.2594759000057086
(HA2)160,D,Q,0.2590204966814405
(HA2)158,D,A,0.2585943212888468
(HA2)93,S,P,0.25828747630619037
268,M,N,0.258265803821534
326,K,I,0.25803860798076333
187,T,S,0.25719940499945887
(HA2)95,N,K,0.2563698318473559
(HA2)209,A,R,0.25551536905296407
144,K,T,0.2554245393969
-16,M,F,0.2548829161640117
270,S,C,0.25414796907899834
(HA2)191,F,R,0.253729678648625
(HA2)164,D,W,0.2535447214845725
(HA2)172,Q,F,0.2535384323283088
(HA2)168,N,F,0.25340487321546556
20,V,I,0.25336601116870827
(HA2)160,D,Y,0.25321722656132717
(HA2)143,K,Y,0.2531679497434662
142,R,I,0.2530805898375347
(HA2)181,G,K,0.253046004786369
(HA2)189,I,K,0.25270240689392864
(HA2)190,S,R,0.2526791713576116
(HA2)152,I,K,0.252677563853668
(HA2)194,S,V,0.2526771449164601
(HA2)174,K,Q,0.2526630493165783
(HA2)135,N,G,0.25242314541459454
(HA2)135,N,K,0.25242314541459454
(HA2)192,A,D,0.2524041120682477
(HA2)182,Y,M,0.2523762330281216
(HA2)161,V,H,0.25231705863804654
(HA2)199,C,M,0.2522689562999883
(HA2)211,Q,W,0.2520528315415876
(HA2)198,L,Y,0.25197477607617197
(HA2)198,L,G,0.25197477607617197
(HA2)187,L,F,0.25197173374639925
(HA2)169,N,Y,0.251817987186005
(HA2)169,N,A,0.251817987186005
324,P,H,0.25181573575723604
(HA2)145,D,T,0.2516461913149764
(HA2)205,F,D,0.2515047531543318
(HA2)167,L,P,0.25134740273493733
(HA2)149,I,K,0.2510587884574424
(HA2)185,W,Q,0.25056181318857945
(HA2)168,N,Q,0.250179906780834
(HA2)142,H,V,0.2500778118645523
22,N,S,0.24949399421239107
(HA2)151,S,C,0.2490890564641306
(HA2)209,A,N,0.24884210734237394
(HA2)144,C,A,0.2483287580245795
(HA2)185,W,L,0.2480729604382201
(HA2)66,I,M,0.2478203687145272
(HA2)66,I,C,0.2478203687145272
17,H,K,0.24760288274185924
109,R,S,0.24579284018525632
(HA2)63,F,S,0.24459732814027363
(HA2)76,R,G,0.24452778815884196
152,N,D,0.2440184441137938
(HA2)73,V,W,0.24376843127941764
(HA2)131,E,N,0.2436726391300031
(HA2)113,S,K,0.24269174008776775
(HA2)205,F,L,0.24264245564887085
(HA2)48,I,C,0.24223484378774413
(HA2)81,E,R,0.24216258980197589
(HA2)72,E,F,0.24214321124413146
(HA2)67,E,P,0.24203810933864325
(HA2)37,D,Y,0.24199957273500097
(HA2)45,I,G,0.24184867330350893
(HA2)49,N,Y,0.2417624937621989
(HA2)50,G,Q,0.2416299115477033
(HA2)62,K,I,0.24149594484255846
(HA2)77,I,E,0.24146291206246817
(HA2)77,I,Y,0.24146291206246817
(HA2)54,R,M,0.2414606892056504
(HA2)178,L,G,0.24092930960732692
(HA2)183,K,R,0.23984926151332864
(HA2)41,T,A,0.239771382209575
-14,T,R,0.2387920335059556
-14,T,V,0.2387920335059556
-5,C,W,0.23860189760451292
-5,C,G,0.23860189760451292
71,L,I,0.23854003316373765
18,H,Q,0.2385372160788605
62,K,L,0.23849681957276747
62,K,T,0.23849681957276747
62,K,M,0.23849681957276747
-4,L,W,0.23845342283347604
-4,L,N,0.23845342283347604
64,C,S,0.2383956140702876
70,L,Q,0.23816388043804998
36,V,C,0.23815573890844
78,D,L,0.23814172122490793
47,S,N,0.23810120070128296
-12,I,F,0.23808596719522934
73,D,F,0.23794866239853654
10,T,S,0.23790158014565327
4,P,F,0.2378513402431059
33,Q,N,0.23780313629397348
(HA2)71,S,P,0.23698999316844457
44,Q,M,0.23676459408973938
-3,V,H,0.23649894849803849
161,Y,G,0.2363843253981487
161,Y,E,0.2363843253981487
(HA2)138,F,A,0.23578576315085184
107,S,A,0.2357844763552895
84,W,L,0.23572730969702857
97,C,S,0.23569863684092826
98,Y,F,0.23566730017657597
98,Y,N,0.23566730017657597
105,Y,M,0.23560730147453118
126,N,I,0.23555480346561186
312,N,P,0.2354486368078827
111,L,K,0.23537766418498027
132,Q,H,0.23530272411166445
132,Q,I,0.23530272411166445
168,M,K,0.23517354167760926
44,Q,H,0.23475137210573746
(HA2)145,D,Y,0.23426248455979404
196,A,S,0.2336875278332126
(HA2)36,A,V,0.23351089601068895
164,L,C,0.23340493338307344
(HA2)125,Q,V,0.2333892611046334
-14,T,A,0.23020172755672802
30,T,L,0.2291846698069025
(HA2)147,A,E,0.2270262993790895
(HA2)79,D,Q,0.22659443036718713
(HA2)60,N,H,0.2264686225675877
(HA2)45,I,H,0.22635712470387254
(HA2)95,N,H,0.22632400861323826
(HA2)97,E,Y,0.22631720113664572
(HA2)104,N,D,0.22615893150034003
(HA2)122,T,R,0.22611465463667288
(HA2)43,A,I,0.22606388640741854
(HA2)37,D,N,0.22599930457813544
(HA2)87,T,C,0.22584837759567927
(HA2)141,Y,A,0.22419554138421105
(HA2)179,K,A,0.22404829417720176
141,R,S,0.22401000985941155
(HA2)36,A,S,0.2235345298193549
(HA2)57,G,A,0.22236532532753564
323,V,S,0.22181413312874906
32,D,R,0.22173229321945162
(HA2)32,R,S,0.22141832712838175
38,N,F,0.2202026308024253
45,S,W,0.2200644515568258
31,N,R,0.21979281963842082
42,L,D,0.21968991569089089
33,Q,M,0.21959674265841195
(HA2)88,K,R,0.2187460166106964
50,E,C,0.2185129444689753
79,F,V,0.2183921490132497
15,L,P,0.21784794861508336
91,S,G,0.21583010466541205
171,N,Y,0.21581511509352136
158,N,E,0.2153128385183551
140,I,V,0.2152611194917524
132,Q,T,0.2151263381341929
162,P,G,0.2150748552883315
122,N,P,0.21496355240641146
88,V,G,0.2149516124562093
(HA2)164,D,N,0.21481807365497949
(HA2)81,E,C,0.21469765875258778
(HA2)118,L,F,0.2143280815349729
(HA2)95,N,L,0.2142969160286999
(HA2)47,Q,P,0.21422459246748385
(HA2)124,K,F,0.21413794681205445
(HA2)108,I,A,0.21346441218854856
(HA2)75,G,R,0.2096668978231914
(HA2)7,A,G,0.208256782812253
(HA2)137,C,W,0.2080033991207043
136,S,N,0.20781560765068566
151,L,S,0.20781438321126092
2,K,H,0.20736499020291546
(HA2)144,C,L,0.2070977421787787
(HA2)132,D,Y,0.2070809443591036
(HA2)29,S,Y,0.2064046847072744
(HA2)212,K,F,0.2063466511017998
78,D,H,0.20605729920967988
54,S,Q,0.2059846061847388
(HA2)191,F,G,0.20581054431271034
(HA2)86,D,V,0.20575844095894352
(HA2)41,T,K,0.20548307168830196
29,I,A,0.20537426250824592
(HA2)84,V,C,0.20507170340107267
(HA2)45,I,C,0.20494467457332455
(HA2)221,I,E,0.204736569924183
(HA2)50,G,P,0.20467627327464205
(HA2)199,C,H,0.20437106362192345
(HA2)148,C,I,0.20423944226742127
(HA2)159,H,P,0.20386361887145021
(HA2)214,N,Q,0.20382556697548113
(HA2)214,N,A,0.20382556697548113
(HA2)145,D,S,0.20374564336874607
(HA2)202,L,C,0.20363796545065277
(HA2)183,K,P,0.2029708552552906
(HA2)146,N,H,0.20168705857195937
(HA2)210,C,L,0.20158043643177775
(HA2)208,W,Q,0.20049912537151982
116,G,P,0.20015449096488702
158,N,H,0.19971093095991896
328,T,P,0.19841661635525057
(HA2)33,G,E,0.19733258738887455
301,T,Y,0.19705376132579736
(HA2)94,Y,E,0.1969121645695821
(HA2)62,K,G,0.19688826460879444
(HA2)29,S,I,0.19635558035338635
2,K,P,0.19629854267697347
(HA2)143,K,G,0.19496252474167836
9,S,E,0.19484718753591165
269,R,G,0.19477437900727249
56,H,G,0.19349344905269875
43,V,A,0.19331001174158302
(HA2)114,E,G,0.19184896769261695
122,N,H,0.19170346960350673
(HA2)156,T,P,0.19112295582356423
(HA2)58,K,N,0.19078172849739938
(HA2)43,A,D,0.19052446088107688
108,L,P,0.18935247084665535
103,P,Y,0.18734934250124996
54,S,A,0.18576980993451084
-1,A,G,0.185409681046498
144,K,S,0.18476121955456892
316,L,T,0.18468901256250936
-15,K,V,0.18438461174793755
92,K,A,0.18405345452909452
279,S,N,0.18368552066547292
(HA2)22,Y,F,0.1836079343866806
(HA2)199,C,L,0.18345592572017433
(HA2)9,F,L,0.18333040961597405
(HA2)220,C,I,0.18308277954006888
159,F,C,0.18258935283822578
(HA2)186,I,V,0.1824063722919106
298,N,D,0.18224818970677475
271,D,G,0.1821415057826812
(HA2)86,D,N,0.18169652259141794
207,K,N,0.1814860572703001
217,I,V,0.18009296544296835
11,A,S,0.17891956083156932
62,K,E,0.1788771757740828
78,D,Y,0.1785296228254415
157,L,M,0.17837717460640007
298,N,K,0.17646725457050644
242,I,L,0.1763530106505336
303,G,E,0.17557785131448916
215,P,Q,0.17511930084945235
1,Q,C,0.17506579192588667
209,S,F,0.17453865484942183
189,K,A,0.17426391654533815
(HA2)70,F,W,0.1737727814116366
21,P,A,0.17333214308049594
54,S,K,0.17193904983813108
253,A,S,0.1715433662711871
315,K,R,0.17091556090215484
(HA2)191,F,H,0.17058114790317927
(HA2)221,I,V,0.1695401418157506
219,S,D,0.1693784929402998
(HA2)203,L,I,0.1693201594111851
57,Q,N,0.16929791801400235
(HA2)154,N,L,0.16924137166430372
(HA2)195,C,A,0.16917014793349294
64,C,Y,0.16916969891291533
(HA2)202,L,E,0.16838163269330342
-9,S,G,0.16837660122825468
156,H,R,0.16830575959918523
90,R,S,0.1682308373956149
(HA2)149,I,D,0.16799025424625047
58,I,V,0.1679260894383018
(HA2)18,V,M,0.16776062974070652
289,P,N,0.1670942997542837
289,P,L,0.1670942997542837
315,K,I,0.1670662360805965
272,A,V,0.16706503651709295
(HA2)142,H,Q,0.1669759350707636
164,L,P,0.16683441818544795
(HA2)150,G,H,0.16657776388033843
53,D,A,0.16624060314162295
214,S,A,0.1654200224356198
50,E,Q,0.16515055437349022
(HA2)117,K,R,0.16501804543712092
231,S,I,0.1641340557466885
(HA2)192,A,T,0.16400358858729938
327,Q,T,0.16358424496229396
17,H,N,0.16335432965481905
153,W,S,0.16219839870624456
122,N,L,0.16019638739744074
143,S,Y,0.1600674490008199
(HA2)133,M,L,0.15986113996746937
221,P,V,0.15984939546197466
(HA2)47,Q,T,0.15902281807085863
159,F,W,0.1557821700083737
(HA2)130,A,P,0.1554747742466563
(HA2)68,K,N,0.15536994142479013
(HA2)38,L,Q,0.15523614196349825
218,G,A,0.1534701028428502
219,S,F,0.1522973687362644
(HA2)210,C,R,0.1514176669386567
(HA2)39,K,A,0.15073507894899912
164,L,I,0.14873222827769
(HA2)56,I,V,0.14848228303200445
(HA2)5,A,K,0.1478062205531165
290,N,G,0.1477546392422042
(HA2)14,W,H,0.1476069018881787
21,P,S,0.14757227256492705
313,T,I,0.14743797504004832
221,P,T,0.14724656008806783
222,R,K,0.14618118253653864
278,N,Y,0.14612485148510307
142,R,N,0.14535672210125736
183,L,I,0.1451790403049539
(HA2)165,E,Y,0.1431625170435409
219,S,T,0.14235672525922113
(HA2)200,V,F,0.14154754269782469
(HA2)187,L,V,0.1407488114954324
(HA2)153,R,G,0.1400727278330507
-8,Y,S,0.13781828566791623
305,C,G,0.13753483197906635
316,L,F,0.13731976778324184
106,A,V,0.13714039204937212
(HA2)200,V,I,0.1355106628425361
124,S,A,0.13294160861114596
(HA2)203,L,S,0.13278837387918754
(HA2)155,G,R,0.1323549802946264
246,N,D,0.13197223222940152
(HA2)60,N,D,0.13095310550859435
173,Q,R,0.13041819816180497
173,Q,G,0.13041819816180497
(HA2)191,F,Q,0.12944243386131793
308,Y,C,0.12861572052416145
(HA2)202,L,V,0.12697930335651722
(HA2)34,Q,Y,0.12427143409785615
(HA2)34,Q,D,0.12427143409785615
274,I,L,0.12379210866169624
298,N,H,0.1237745454063441
(HA2)16,G,L,0.12376076575163897
278,N,V,0.12345466286358668
326,K,T,0.12331673178737983
256,G,S,0.12293238683896712
177,L,S,0.12291648772282951
(HA2)212,K,T,0.12283406236314895
174,F,L,0.12272015350617646
(HA2)15,E,I,0.12262837009804775
(HA2)210,C,V,0.12095210329549234
231,S,A,0.12075424102088672
(HA2)149,I,C,0.11968691157053578
(HA2)200,V,L,0.11818559232160825
(HA2)151,S,K,0.11776083882496291
(HA2)182,Y,V,0.11764929063373471
(HA2)160,D,A,0.11696123346708304
310,K,E,0.11683558366054668
121,N,S,0.11660814632419957
181,G,R,0.11623452628750346
(HA2)155,G,S,0.11466547101732814
247,S,G,0.1146347878005846
(HA2)205,F,K,0.11301932425582427
308,Y,H,0.11243788651583955
311,Q,K,0.11166566778232613
(HA2)43,A,T,0.11079236045504409
251,L,R,0.10805494976133054
49,G,D,0.10723077666453996
274,I,T,0.10515947852874766
(HA2)25,R,G,0.10437485249563275
(HA2)189,I,F,0.10361482921482817
(HA2)218,N,I,0.10361359669319636
(HA2)195,C,S,0.10345106985546143
(HA2)171,F,Y,0.10264955670533016
205,S,Y,0.10208898888206086
181,G,E,0.10207731684502239
(HA2)6,I,T,0.09954276209643349
(HA2)179,K,E,0.09937902754689175
304,A,V,0.09937081090953263
(HA2)195,C,Y,0.0980584971612625
(HA2)72,E,G,0.09787076026500158
(HA2)39,K,Q,0.09737100872764941
(HA2)186,I,F,0.09518809248501311
(HA2)38,L,I,0.09399610181322873
(HA2)34,Q,F,0.09386199475552809
(HA2)30,E,L,0.09379224570280223
295,Q,L,0.0934384228471576
285,N,T,0.09324306010907042
306,P,V,0.09322207033881948
294,F,V,0.09313569077175538
309,V,T,0.09304826899779875
318,T,N,0.09301652570849835
326,K,F,0.09301274509388285
289,P,R,0.09285827729673052
210,Q,E,0.09243134502560466
324,P,G,0.09198466841736667
258,F,V,0.09168056678514487
203,T,Q,0.09156644381220173
73,D,G,0.0914332884894191
(HA2)139,K,L,0.09126215000505199
261,R,K,0.09102353730254037
113,A,V,0.0906260816278667
(HA2)37,D,V,0.09061854244725787
199,S,V,0.09045026102638909
220,R,W,0.0900641593700879
(HA2)40,S,I,0.08998732865162472
24,T,M,0.08937656983185867
240,G,V,0.08865710912322079
(HA2)171,F,P,0.08832498102054025
246,N,S,0.0880283249711222
(HA2)56,I,L,0.08779856901330113
236,I,V,0.08745863357455115
(HA2)60,N,E,0.08701399369657764
216,N,L,0.08698257219099159
(HA2)82,K,M,0.08559406291740869
323,V,A,0.0854940936414376
(HA2)74,E,G,0.08548949392807696
(HA2)19,D,G,0.08522872564967537
201,R,K,0.08412640950325925
(HA2)73,V,I,0.0812076425377791
(HA2)43,A,S,0.08108422175455757
(HA2)123,K,R,0.08067596323729129
19,A,S,0.07973040869344572
(HA2)112,D,G,0.07947313302109808
(HA2)55,L,V,0.07945526752850424
2,K,S,0.07907007644683489
200,G,E,0.07823184647907849
(HA2)200,V,E,0.07653733715963064
(HA2)86,D,E,0.07641994876722219
(HA2)103,E,V,0.07545609395440105
-5,C,Y,0.07457071530585516
37,T,L,0.07448754204423519
193,F,W,0.07430367860662625
193,F,T,0.07430367860662625
(HA2)181,G,P,0.07370972642324189
(HA2)46,D,N,0.07334845818179007
(HA2)201,A,V,0.071867209853984
245,I,V,0.07149428134897368
213,V,A,0.07113834686166788
118,L,M,0.07097019013154139
167,T,A,0.07094069965340379
-4,L,K,0.07091725379400325
(HA2)100,V,I,0.07090181722806359
196,A,N,0.06970941235327312
248,T,V,0.0695117003589895
178,Y,D,0.06949321397441793
256,G,C,0.06901548562270857
176,K,N,0.06897545151494601
194,L,R,0.06895865030164308
250,N,H,0.06886832578455862
(HA2)109,D,E,0.0688538544316732
211,Q,K,0.06882574016679008
211,Q,L,0.06882574016679008
261,R,M,0.06881484092954904
174,F,R,0.06881381029843871
175,D,S,0.0687740447564639
202,I,N,0.0684440684355663
251,L,D,0.06837721805814664
260,I,R,0.06835873006574852
264,K,P,0.06832537927824037
199,S,I,0.06823552057266809
-7,I,F,0.06804551878133326
94,Y,H,0.06789670791552763
21,P,K,0.06685962541508068
(HA2)11,E,A,0.06672115069904393
(HA2)4,G,D,0.06664314157713376
11,A,T,0.0666302125535031
42,L,P,0.06650914227810778
268,M,V,0.06583995192505308
48,T,R,0.06550386592234331
38,N,D,0.06526112260524787
28,T,A,0.06499151521763095
157,L,H,0.06393811290497342
(HA2)147,A,V,0.06341730275754486
(HA2)141,Y,T,0.06309201533321705
65,T,A,0.06255886155020558
121,N,I,0.06229095351981724
(HA2)53,N,Y,0.062274705625891415
6,N,I,0.062126690619886876
46,S,G,0.061331439602362675
(HA2)101,A,T,0.06130968194899378
275,G,P,0.06112727258361378
102,V,M,0.06095351709546017
147,F,L,0.06023428304788344
(HA2)78,Q,S,0.059913100583647565
(HA2)121,K,Y,0.05977860966387011
(HA2)124,K,I,0.05942721572008889
(HA2)46,D,L,0.0589872092922562
(HA2)54,R,I,0.058280297190578714
(HA2)103,E,G,0.05803139344908933
75,Q,H,0.05653280510399978
(HA2)190,S,F,0.05637754821753542
304,A,K,0.055241759170721466
(HA2)182,Y,C,0.05422202598606909
(HA2)6,I,S,0.05389569002140405
305,C,D,0.0538115633721974
273,P,A,0.05378638445616145
321,R,K,0.053779392086330986
282,I,S,0.05377042009458896
(HA2)32,R,E,0.053674526198566636
285,N,Q,0.05364881734044215
283,T,P,0.05364697059946907
(HA2)26,H,N,0.05361733369708906
306,P,H,0.05359046495942108
319,G,A,0.05358616245284442
(HA2)12,N,I,0.053559400044287296
304,A,Y,0.053554653288008465
279,S,W,0.053554468946177006
302,Y,F,0.05351988251699014
(HA2)23,G,P,0.053511891387777906
294,F,C,0.05349455457480011
(HA2)1,G,L,0.053416348533849765
(HA2)18,V,R,0.05340820659151171
244,L,A,0.05337246406254415
276,K,A,0.05324070309670343
(HA2)69,E,Q,0.05304844422669167
(HA2)37,D,E,0.052986564910840486
28,T,I,0.05289951038544203
(HA2)19,D,Q,0.05273442648685064
-1,A,D,0.05245776296913476
(HA2)99,L,D,0.052411550850506916
41,E,K,0.05133592519469866
209,S,H,0.050985662833851184
(HA2)66,I,W,0.05033981601270741
144,K,Q,0.048305917625948526
34,I,S,0.04824655684085466
4,P,K,0.0479734341683165
60,D,L,0.04796133558979335
15,L,F,0.04675607959729557
76,C,Y,0.04658554546726985
9,S,C,0.04638764354009964
321,R,Q,0.045922654623646496
70,L,I,0.045736351409625356
307,R,V,0.04563030003340193
255,R,M,0.045374950383827835
48,T,K,0.0452494467780899
(HA2)29,S,F,0.04517324858139329
(HA2)172,Q,E,0.0451265216489176
(HA2)48,I,G,0.04488328729990405
(HA2)125,Q,S,0.04469898792024201
(HA2)74,E,S,0.04467707160660268
(HA2)119,F,Y,0.044527287131383805
327,Q,E,0.04415939243641135
119,E,G,0.04397236257305692
(HA2)39,K,W,0.04391897077501134
296,N,A,0.04295409514996709
29,I,L,0.04227350963302978
40,T,Y,0.042209452265761165
46,S,Y,0.042069252016714034
244,L,D,0.04175762388296395
262,S,C,0.040635910924074314
196,A,Y,0.04063353492248586
196,A,P,0.04063353492248586
20,V,L,0.04060755742171424
184,H,T,0.040488212205197126
13,L,Q,0.0404479731760337
213,V,Y,0.039887529692623415
194,L,Q,0.03984079927895065
176,K,S,0.039840634336567586
197,Q,L,0.0397428095602682
249,G,H,0.039739851840180494
245,I,F,0.03970792209089635
110,S,T,0.03968754799561656
175,D,V,0.039675861344915325
212,I,K,0.039668031219373054
(HA2)66,I,L,0.039610584558278976
242,I,K,0.0395861719770166
267,I,C,0.039484812855598676
267,I,K,0.039484812855598676
234,W,G,0.03947477196129164
202,I,L,0.039470219432311424
202,I,S,0.039470219432311424
187,T,P,0.03945147596466292
253,A,I,0.03933977854285121
217,I,R,0.03921276113767901
201,R,Y,0.03881094163230758
(HA2)150,G,D,0.038627206888695115
(HA2)64,H,Y,0.03848709588174721
223,V,T,0.03804049356013094
325,E,G,0.037835605045076236
32,D,A,0.03781606859029923
210,Q,V,0.0375926026236824
266,S,T,0.037511545798985316
206,T,A,0.0372014429124362
211,Q,V,0.03719891480967114
262,S,K,0.03709313896990761
77,D,E,0.03644177807000867
(HA2)177,E,H,0.036352197707087495
3,L,W,0.036318195183436444
49,G,N,0.03618733692493887
49,G,Y,0.03618733692493887
-9,S,L,0.03618069174554516
30,T,S,0.036037344163624904
30,T,G,0.036037344163624904
10,T,W,0.03572734118732754
42,L,Q,0.03572186334356206
4,P,N,0.03569445722248506
6,N,E,0.03561867185400076
14,C,L,0.035550141829011256
165,N,T,0.035365102541184724
(HA2)102,L,G,0.03523224200476968
106,A,H,0.03479286364434777
(HA2)113,S,Q,0.03450655216676601
193,F,K,0.034501504300978016
193,F,C,0.034501504300978016
193,F,M,0.034501504300978016
(HA2)112,D,S,0.03405961216844743
84,W,C,0.034011302782468576
(HA2)83,Y,S,0.03391604169530452
(HA2)67,E,R,0.03391320271646437
(HA2)129,N,Q,0.03387178182036631
(HA2)40,S,L,0.033834361485814854
(HA2)59,T,D,0.033461094109611865
57,Q,S,0.03322421279074464
(HA2)39,K,N,0.03313144413906276
(HA2)92,W,D,0.03242615070946927
(HA2)133,M,V,0.032192230480584345
229,R,K,0.03156004451755703
(HA2)130,A,L,0.031455352188888196
3,L,H,0.03135713370526948
(HA2)146,N,P,0.030678938602724647
139,C,F,0.030575350392686457
171,N,R,0.03032900087448073
(HA2)106,H,W,0.030004817386577353
89,E,D,0.029947601060691404
105,Y,P,0.02992880726396302
12,T,M,0.029763610990709153
93,A,I,0.029516327536610314
168,M,A,0.029460812890553988
173,Q,L,0.029451458693052355
118,L,S,0.02939956237533402
163,A,V,0.029367426572448407
329,R,G,0.029247761678444017
149,S,N,0.029238747006355398
(HA2)134,G,L,0.029104362998641074
32,D,T,0.02908721527705568
3,L,R,0.028393480622214844
(HA2)200,V,S,0.028202024412574887
218,G,D,0.027652912308840656
(HA2)204,G,A,0.027526452397408738
-9,S,N,0.027441877662132047
13,L,N,0.02735956819354626
47,S,Q,0.02718794663019389
6,N,Q,0.026889806752576566
14,C,S,0.026839837855507302
(HA2)44,A,T,0.026560968165480155
35,E,T,0.026503440020518007
7,D,I,0.026461745638815877
-7,I,E,0.02633299776162722
182,V,I,0.026311749943625527
151,L,F,0.02623177755402504
146,S,I,0.02610284479060703
(HA2)66,I,N,0.025427947378079133
(HA2)66,I,G,0.025427947378079133
155,T,N,0.02520770442335649
80,Q,M,0.02518315730120243
(HA2)201,A,T,0.02513098902850777
192,I,C,0.024976816383132535
154,L,M,0.024396028726175942
119,E,A,0.0243104931408726
223,V,I,0.024242487328386263
(HA2)65,Q,L,0.024059356472013745
222,R,C,0.023927646664335507
(HA2)10,I,T,0.023859101471644783
(HA2)128,E,K,0.02351598567603524
116,G,A,0.023071587304907354
(HA2)64,H,N,0.023001889780734495
109,R,Q,0.022866643951788244
109,R,K,0.022866643951788244
(HA2)104,N,K,0.02274885084527201
119,E,K,0.022592257746218914
133,N,H,0.02256797486044735
104,D,V,0.022566265640798062
124,S,W,0.022534699657936596
170,N,L,0.02248659151177224
132,Q,P,0.022481260191797164
129,G,S,0.022431264318079246
150,R,H,0.02241739401180513
173,Q,V,0.022265657814575977
(HA2)89,I,V,0.02172752475131423
122,N,V,0.021599966645912988
227,P,W,0.021598718096222925
227,P,Y,0.021598718096222925
227,P,M,0.021598718096222925
227,P,K,0.021598718096222925
227,P,F,0.021598718096222925
(HA2)18,V,N,0.021549877013265526
328,T,V,0.02154984559679287
(HA2)205,F,E,0.021344566827637627
145,N,G,0.021262880565555975
145,N,R,0.021262880565555975
145,N,Q,0.021262880565555975
145,N,V,0.021262880565555975
145,N,W,0.021262880565555975
145,N,M,0.021262880565555975
145,N,C,0.021262880565555975
145,N,E,0.021262880565555975
145,N,F,0.021262880565555975
(HA2)102,L,I,0.021069058892208926
(HA2)113,S,T,0.02029931875131946
(HA2)86,D,T,0.020228517995839024
(HA2)68,K,I,0.019998216060324512
(HA2)127,R,V,0.019928167397292383
(HA2)70,F,K,0.019842997470508997
(HA2)63,F,V,0.019783685719928997
(HA2)63,F,Q,0.019783685719928997
(HA2)72,E,V,0.019750789907683593
(HA2)85,E,I,0.019693212619303735
(HA2)83,Y,N,0.01966326634722402
(HA2)64,H,M,0.019652417616292883
(HA2)64,H,D,0.019652417616292883
(HA2)97,E,F,0.019594649366884924
(HA2)95,N,M,0.019543797541714744
(HA2)45,I,K,0.019456251967061015
(HA2)89,I,R,0.019410813641386946
(HA2)35,A,E,0.01940102250378227
207,K,T,0.019376342889502185
(HA2)49,N,I,0.019370072425750708
(HA2)109,D,S,0.01925571306655938
(HA2)109,D,R,0.01925571306655938
(HA2)50,G,H,0.019237490211255596
(HA2)122,T,L,0.019207939522012153
222,R,F,0.019123416372274795
(HA2)50,G,R,0.019049685698650967
219,S,Y,0.019001036666727183
(HA2)90,D,K,0.018970743669070467
(HA2)90,D,L,0.018970743669070467
(HA2)46,D,F,0.01893148606723927
1,Q,Y,0.018658490043264926
1,Q,K,0.018658490043264926
45,S,C,0.018557596191146494
(HA2)114,E,V,0.018478917695684285
(HA2)92,W,H,0.018318371869208313
226,I,P,0.017721638422079765
142,R,C,0.01764910752547633
142,R,V,0.01764910752547633
142,R,F,0.01764910752547633
(HA2)172,Q,G,0.017562074786144254
2,K,I,0.01706692313063643
2,K,T,0.01706692313063643
(HA2)20,G,V,0.017046470102745927
26,V,W,0.01672313875065108
76,C,S,0.01647787239165507
62,K,A,0.016104398236319876
51,I,A,0.016099125180120886
25,I,F,0.016083600900551654
-4,L,V,0.01606100149702806
64,C,A,0.01600319273383986
66,L,I,0.015991373412272834
49,G,K,0.0159470845084189
55,P,E,0.015899248434335243
-9,S,A,0.015871861832499955
68,D,T,0.015757723935033083
78,D,C,0.01574929988845976
47,S,R,0.015708779364835203
9,S,H,0.015695218816839877
-12,I,H,0.015693545858781428
31,N,P,0.015571593049833401
31,N,C,0.015571593049833401
1,Q,R,0.015451721586688227
279,S,R,0.015432630092430488
(HA2)32,R,H,0.015430121726095926
304,A,E,0.01529358710060829
5,G,W,0.01520647005953964
29,I,F,0.015168084419127334
69,A,K,0.015142366601317004
(HA2)207,M,C,0.015070013772507496
149,S,I,0.014966961524504805
(HA2)88,K,D,0.014653217492041144
48,T,D,0.014536633580793568
48,T,W,0.014536633580793568
(HA2)146,N,D,0.014504233499533479
(HA2)29,S,M,0.014428487876043393
79,F,R,0.014174802193605056
157,L,W,0.014135039188965996
101,D,C,0.013803019487910798
63,N,V,0.013769122469190289
137,S,T,0.013768458898198183
116,G,K,0.013582628563487296
328,T,E,0.013379548558495515
99,P,E,0.01330417815648392
120,F,C,0.013290439089175031
146,S,R,0.013253513759188885
146,S,C,0.013253513759188885
154,L,V,0.013232285784436575
128,T,P,0.013213702270259817
128,T,L,0.013213702270259817
89,E,V,0.013190030388414391
87,F,T,0.013189602755927751
165,N,I,0.013138314151187545
104,D,A,0.013129667082392531
152,N,H,0.013126679830539074
152,N,T,0.013126679830539074
85,D,V,0.013088325410502926
95,S,C,0.013074595125572212
130,V,Y,0.013054990660168575
130,V,L,0.013054990660168575
170,N,R,0.012979300902893167
117,T,G,0.012978772510420454
132,Q,L,0.012910302775216412
132,Q,A,0.012910302775216412
132,Q,F,0.012910302775216412
86,L,H,0.012894554209806714
83,K,I,0.01288194941312748
106,A,G,0.012675665716090401
(HA2)82,K,E,0.01264576580320634
156,H,I,0.012404421828024944
(HA2)209,A,G,0.012392672687062494
(HA2)55,L,I,0.011823676450006147
190,D,N,0.01108865363179267
164,L,M,0.011012512046625707
(HA2)99,L,I,0.010779599536432085
(HA2)46,D,T,0.010136680391923052
(HA2)93,S,T,0.010115949364903355
92,K,V,0.009736183396897897
186,G,Q,0.00857649873250938
186,G,L,0.00857649873250938
186,G,R,0.00857649873250938
186,G,E,0.00857649873250938
186,G,M,0.00857649873250938
186,G,I,0.00857649873250938
186,G,N,0.00857649873250938
186,G,Y,0.00857649873250938
186,G,W,0.00857649873250938
186,G,K,0.00857649873250938
159,F,T,0.008161753417855874
(HA2)166,A,D,0.007699969631588063
(HA2)166,A,E,0.007699969631588063
(HA2)166,A,K,0.007699969631588063
(HA2)166,A,W,0.007699969631588063
(HA2)166,A,F,0.007699969631588063
(HA2)166,A,P,0.007699969631588063
(HA2)166,A,I,0.007699969631588063
(HA2)166,A,L,0.007699969631588063
275,G,E,0.0074425152433902015
275,G,W,0.0074425152433902015
224,R,T,0.007088469853623172
(HA2)142,H,N,0.006898500537840924
(HA2)220,C,Y,0.006850571804660522
(HA2)9,F,S,0.006341795535482541
160,K,C,0.006339895247292763
160,K,W,0.006339895247292763
160,K,F,0.006339895247292763
(HA2)66,I,Y,0.00580361130582627
(HA2)66,I,A,0.00580361130582627
(HA2)66,I,H,0.00580361130582627
(HA2)66,I,K,0.00580361130582627
(HA2)66,I,Q,0.00580361130582627
(HA2)66,I,D,0.00580361130582627
(HA2)169,N,D,0.004886518816133177
(HA2)43,A,K,0.0044219150027509325
(HA2)147,A,Y,0.004294374556069797
(HA2)147,A,M,0.004294374556069797
299,R,N,0.0039227357771068685
299,R,E,0.0039227357771068685
299,R,C,0.0039227357771068685
25,I,M,0.0036717736418932783
(HA2)91,L,T,0.0031161827639731993
(HA2)91,L,G,0.0031161827639731993
(HA2)91,L,E,0.0031161827639731993
(HA2)91,L,Y,0.0031161827639731993
(HA2)91,L,W,0.0031161827639731993
(HA2)91,L,D,0.0031161827639731993
(HA2)91,L,C,0.0031161827639731993
(HA2)91,L,A,0.0031161827639731993
(HA2)137,C,Q,0.002986441073448653
(HA2)137,C,I,0.002986441073448653
(HA2)137,C,D,0.002986441073448653
(HA2)137,C,H,0.002986441073448653
(HA2)137,C,N,0.002986441073448653
(HA2)156,T,Q,0.0029728320912385756
(HA2)156,T,K,0.0029728320912385756
(HA2)156,T,E,0.0029728320912385756
(HA2)156,T,G,0.0029728320912385756
(HA2)156,T,Y,0.0029728320912385756
(HA2)156,T,M,0.0029728320912385756
225,N,I,0.0027678051368327525
225,N,Y,0.0027678051368327525
225,N,W,0.0027678051368327525
225,N,L,0.0027678051368327525
225,N,C,0.0027678051368327525
(HA2)52,L,S,0.0026225563997583847
(HA2)52,L,D,0.0026225563997583847
(HA2)52,L,Q,0.0026225563997583847
(HA2)52,L,C,0.0026225563997583847
(HA2)52,L,T,0.0026225563997583847
(HA2)52,L,A,0.0026225563997583847
(HA2)52,L,G,0.0026225563997583847
(HA2)52,L,H,0.0026225563997583847
(HA2)52,L,K,0.0026225563997583847
(HA2)52,L,N,0.0026225563997583847
(HA2)52,L,E,0.0026225563997583847
48,T,V,0.0025448117953725756
323,V,E,0.0025018225730890735
323,V,Q,0.0025018225730890735
323,V,D,0.0025018225730890735
80,Q,F,0.0024451181968745714
80,Q,W,0.0024451181968745714
(HA2)158,D,M,0.0022930420718087633
(HA2)158,D,H,0.0022930420718087633
(HA2)158,D,W,0.0022930420718087633
(HA2)158,D,C,0.0022930420718087633
(HA2)158,D,T,0.0022930420718087633
(HA2)158,D,Q,0.0022930420718087633
244,L,K,0.0020579466571475917
144,K,C,0.0020127824081006716
144,K,W,0.0020127824081006716
144,K,F,0.0020127824081006716
144,K,P,0.0020127824081006716
144,K,Y,0.0020127824081006716
144,K,G,0.0020127824081006716
(HA2)101,A,F,0.0016861997513383312
(HA2)101,A,I,0.0016861997513383312
(HA2)101,A,M,0.0016861997513383312
(HA2)73,V,C,0.001679989664736749
(HA2)170,R,H,0.001574357110827835
(HA2)170,R,I,0.001574357110827835
(HA2)170,R,F,0.001574357110827835
(HA2)170,R,E,0.001574357110827835
(HA2)170,R,C,0.001574357110827835
(HA2)170,R,A,0.001574357110827835
(HA2)170,R,P,0.001574357110827835
(HA2)170,R,S,0.001574357110827835
(HA2)170,R,Y,0.001574357110827835
32,D,C,0.0015045774108207858
32,D,K,0.0015045774108207858
32,D,F,0.0015045774108207858
32,D,I,0.0015045774108207858
32,D,M,0.0015045774108207858
32,D,Q,0.0015045774108207858
32,D,W,0.0015045774108207858
(HA2)102,L,H,0.0014713281393416923
(HA2)102,L,D,0.0014713281393416923
(HA2)102,L,C,0.0014713281393416923
(HA2)102,L,K,0.0014713281393416923
(HA2)102,L,N,0.0014713281393416923
210,Q,F,0.001400049973172842
210,Q,W,0.001400049973172842
223,V,C,0.001319644870318927
223,V,R,0.001319644870318927
223,V,H,0.001319644870318927
223,V,K,0.001319644870318927
223,V,N,0.001319644870318927
(HA2)212,K,C,0.0012682579599022656
(HA2)212,K,M,0.0012682579599022656
(HA2)212,K,W,0.0012682579599022656
(HA2)212,K,A,0.0012682579599022656
(HA2)212,K,P,0.0012682579599022656
229,R,H,0.0012561333415708374
229,R,F,0.0012561333415708374
229,R,C,0.0012561333415708374
229,R,T,0.0012561333415708374
229,R,N,0.0012561333415708374
229,R,E,0.0012561333415708374
229,R,V,0.0012561333415708374
229,R,W,0.0012561333415708374
229,R,D,0.0012561333415708374
(HA2)206,I,W,0.0012556107899288815
(HA2)206,I,H,0.0012556107899288815
218,G,N,0.0012539637175693066
218,G,K,0.0012539637175693066
(HA2)131,E,M,0.0011561316478303591
(HA2)131,E,H,0.0011561316478303591
(HA2)131,E,F,0.0011561316478303591
26,V,P,0.0010595267082210826
26,V,F,0.0010595267082210826
26,V,H,0.0010595267082210826
26,V,Q,0.0010595267082210826
26,V,N,0.0010595267082210826
26,V,C,0.0010595267082210826
26,V,Y,0.0010595267082210826
26,V,K,0.0010595267082210826
26,V,T,0.0010595267082210826
(HA2)157,Y,A,0.001040800107308333
(HA2)157,Y,G,0.001040800107308333
(HA2)157,Y,K,0.001040800107308333
(HA2)157,Y,L,0.001040800107308333
(HA2)157,Y,M,0.001040800107308333
(HA2)157,Y,Q,0.001040800107308333
(HA2)157,Y,T,0.001040800107308333
(HA2)157,Y,F,0.001040800107308333
(HA2)157,Y,W,0.001040800107308333
2,K,V,0.0009731114208527714
2,K,F,0.0009731114208527714
2,K,L,0.0009731114208527714
2,K,M,0.0009731114208527714
(HA2)65,Q,F,0.0009499613696505483
(HA2)65,Q,W,0.0009499613696505483
(HA2)65,Q,N,0.0009499613696505483
(HA2)65,Q,M,0.0009499613696505483
(HA2)65,Q,K,0.0009499613696505483
248,T,Y,0.0009329824943611021
248,T,G,0.0009329824943611021
248,T,F,0.0009329824943611021
248,T,C,0.0009329824943611021
248,T,M,0.0009329824943611021
248,T,N,0.0009329824943611021
248,T,R,0.0009329824943611021
248,T,W,0.0009329824943611021
248,T,Q,0.0009329824943611021
196,A,L,0.0008873247902268733
196,A,F,0.0008873247902268733
196,A,W,0.0008873247902268733
196,A,I,0.0008873247902268733
196,A,M,0.0008873247902268733
196,A,C,0.0008873247902268733
196,A,R,0.0008873247902268733
262,S,W,0.0008809804381423759
262,S,F,0.0008809804381423759
161,Y,A,0.000855025042713026
(HA2)191,F,K,0.0008220062050437658
(HA2)191,F,Y,0.0008220062050437658
(HA2)191,F,W,0.0008220062050437658
(HA2)191,F,P,0.0008220062050437658
(HA2)191,F,M,0.0008220062050437658
(HA2)191,F,D,0.0008220062050437658
(HA2)114,E,C,0.0008111082355514924
(HA2)114,E,P,0.0008111082355514924
(HA2)114,E,M,0.0008111082355514924
(HA2)114,E,R,0.0008111082355514924
(HA2)114,E,N,0.0008111082355514924
291,D,M,0.0007567584078320311
291,D,P,0.0007567584078320311
291,D,C,0.0007567584078320311
291,D,H,0.0007567584078320311
291,D,I,0.0007567584078320311
291,D,Q,0.0007567584078320311
291,D,W,0.0007567584078320311
(HA2)193,I,A,0.0007456840841178517
(HA2)193,I,C,0.0007456840841178517
(HA2)193,I,D,0.0007456840841178517
(HA2)193,I,Y,0.0007456840841178517
(HA2)193,I,W,0.0007456840841178517
(HA2)193,I,P,0.0007456840841178517
(HA2)193,I,Q,0.0007456840841178517
(HA2)193,I,E,0.0007456840841178517
(HA2)193,I,S,0.0007456840841178517
(HA2)193,I,F,0.0007456840841178517
(HA2)193,I,G,0.0007456840841178517
(HA2)193,I,H,0.0007456840841178517
(HA2)193,I,N,0.0007456840841178517
137,S,F,0.0006947468711765392
137,S,D,0.0006947468711765392
137,S,W,0.0006947468711765392
137,S,L,0.0006947468711765392
137,S,Q,0.0006947468711765392
137,S,V,0.0006947468711765392
137,S,C,0.0006947468711765392
137,S,M,0.0006947468711765392
203,T,G,0.0006661154376112475
203,T,W,0.0006661154376112475
203,T,Y,0.0006661154376112475
203,T,M,0.0006661154376112475
203,T,H,0.0006661154376112475
203,T,R,0.0006661154376112475
203,T,D,0.0006661154376112475
207,K,P,0.0006646225914132182
207,K,D,0.0006646225914132182
207,K,Y,0.0006646225914132182
207,K,W,0.0006646225914132182
(HA2)164,D,C,0.0006642306421952273
184,H,W,0.0006588286915476616
184,H,M,0.0006588286915476616
184,H,C,0.0006588286915476616
184,H,G,0.0006588286915476616
184,H,K,0.0006588286915476616
(HA2)34,Q,G,0.0006474614958144788
(HA2)34,Q,K,0.0006474614958144788
(HA2)34,Q,N,0.0006474614958144788
(HA2)113,S,E,0.0006413461638609028
(HA2)113,S,D,0.0006413461638609028
(HA2)172,Q,C,0.0006361114443833107
(HA2)172,Q,Y,0.0006361114443833107
310,K,D,0.0006312905163803071
310,K,Q,0.0006312905163803071
310,K,P,0.0006312905163803071
310,K,C,0.0006312905163803071
310,K,G,0.0006312905163803071
101,D,W,0.0005975386256413416
101,D,I,0.0005975386256413416
101,D,K,0.0005975386256413416
101,D,P,0.0005975386256413416
101,D,F,0.0005975386256413416
101,D,A,0.0005975386256413416
101,D,R,0.0005975386256413416
(HA2)4,G,W,0.000586474255241859
(HA2)4,G,E,0.000586474255241859
(HA2)4,G,F,0.000586474255241859
(HA2)4,G,N,0.000586474255241859
(HA2)55,L,H,0.0005817020331807401
(HA2)55,L,E,0.0005817020331807401
(HA2)55,L,K,0.0005817020331807401
(HA2)55,L,N,0.0005817020331807401
(HA2)55,L,D,0.0005817020331807401
(HA2)55,L,P,0.0005817020331807401
(HA2)55,L,C,0.0005817020331807401
178,Y,W,0.0005584252466171566
178,Y,E,0.0005584252466171566
178,Y,K,0.0005584252466171566
178,Y,F,0.0005584252466171566
178,Y,A,0.0005584252466171566
178,Y,M,0.0005584252466171566
178,Y,P,0.0005584252466171566
178,Y,S,0.0005584252466171566
178,Y,G,0.0005584252466171566
189,K,C,0.0005194009165812348
189,K,W,0.0005194009165812348
189,K,F,0.0005194009165812348
171,N,C,0.0004971940830189934
171,N,W,0.0004971940830189934
171,N,G,0.0004971940830189934
171,N,M,0.0004971940830189934
(HA2)86,D,P,0.00048014138653913784
(HA2)86,D,Q,0.00048014138653913784
(HA2)86,D,W,0.00048014138653913784
(HA2)86,D,H,0.00048014138653913784
(HA2)28,N,R,0.00045421685845198096
(HA2)28,N,V,0.00045421685845198096
(HA2)28,N,W,0.00045421685845198096
(HA2)28,N,F,0.00045421685845198096
(HA2)28,N,Q,0.00045421685845198096
(HA2)28,N,P,0.00045421685845198096
(HA2)28,N,M,0.00045421685845198096
(HA2)28,N,A,0.00045421685845198096
(HA2)28,N,L,0.00045421685845198096
(HA2)28,N,E,0.00045421685845198096
(HA2)28,N,Y,0.00045421685845198096
-6,L,N,0.00044275831862950605
(HA2)6,I,Y,0.00044130844473412893
(HA2)6,I,Q,0.00044130844473412893
(HA2)6,I,W,0.00044130844473412893
(HA2)6,I,R,0.00044130844473412893
(HA2)6,I,N,0.00044130844473412893
(HA2)6,I,D,0.00044130844473412893
188,D,K,0.0004311177141180737
188,D,C,0.0004311177141180737
188,D,M,0.0004311177141180737
76,C,Q,0.00040688758231641187
76,C,V,0.00040688758231641187
76,C,T,0.00040688758231641187
76,C,P,0.00040688758231641187
76,C,N,0.00040688758231641187
76,C,L,0.00040688758231641187
76,C,I,0.00040688758231641187
76,C,D,0.00040688758231641187
76,C,G,0.00040688758231641187
76,C,E,0.00040688758231641187
76,C,H,0.00040688758231641187
(HA2)30,E,W,0.00040657648576096115
116,G,Y,0.00040207154243839086
116,G,W,0.00040207154243839086
116,G,N,0.00040207154243839086
116,G,M,0.00040207154243839086
116,G,V,0.00040207154243839086
116,G,I,0.00040207154243839086
116,G,H,0.00040207154243839086
116,G,E,0.00040207154243839086
116,G,S,0.00040207154243839086
116,G,Q,0.00040207154243839086
116,G,F,0.00040207154243839086
109,R,C,0.00037830448439163866
109,R,D,0.00037830448439163866
109,R,Y,0.00037830448439163866
109,R,T,0.00037830448439163866
109,R,A,0.00037830448439163866
109,R,V,0.00037830448439163866
109,R,E,0.00037830448439163866
109,R,I,0.00037830448439163866
109,R,F,0.00037830448439163866
109,R,N,0.00037830448439163866
109,R,H,0.00037830448439163866
43,V,E,0.0003583785301848659
43,V,Y,0.0003583785301848659
43,V,N,0.0003583785301848659
43,V,M,0.0003583785301848659
43,V,S,0.0003583785301848659
43,V,K,0.0003583785301848659
43,V,H,0.0003583785301848659
43,V,Q,0.0003583785301848659
(HA2)217,C,E,0.0003257868149973953
(HA2)217,C,T,0.0003257868149973953
(HA2)217,C,A,0.0003257868149973953
(HA2)217,C,L,0.0003257868149973953
(HA2)217,C,K,0.0003257868149973953
(HA2)217,C,D,0.0003257868149973953
(HA2)217,C,Q,0.0003257868149973953
(HA2)217,C,V,0.0003257868149973953
(HA2)217,C,P,0.0003257868149973953
(HA2)217,C,I,0.0003257868149973953
(HA2)217,C,H,0.0003257868149973953
266,S,W,0.0003073892031069531
266,S,H,0.0003073892031069531
266,S,V,0.0003073892031069531
266,S,I,0.0003073892031069531
266,S,F,0.0003073892031069531
266,S,E,0.0003073892031069531
266,S,Y,0.0003073892031069531
266,S,K,0.0003073892031069531
-14,T,G,0.0003046379179514646
-14,T,C,0.0003046379179514646
-14,T,E,0.0003046379179514646
-14,T,M,0.0003046379179514646
-14,T,F,0.0003046379179514646
-14,T,Y,0.0003046379179514646
-14,T,W,0.0003046379179514646
(HA2)68,K,C,0.0002706935734671335
(HA2)68,K,V,0.0002706935734671335
(HA2)68,K,M,0.0002706935734671335
(HA2)68,K,Y,0.0002706935734671335
(HA2)68,K,W,0.0002706935734671335
243,L,H,0.00026963199185620323
243,L,E,0.00026963199185620323
243,L,C,0.00026963199185620323
243,L,K,0.00026963199185620323
243,L,M,0.00026963199185620323
243,L,N,0.00026963199185620323
243,L,W,0.00026963199185620323
(HA2)82,K,P,0.0002686400061164727
(HA2)82,K,C,0.0002686400061164727
(HA2)82,K,D,0.0002686400061164727
(HA2)82,K,W,0.0002686400061164727
(HA2)82,K,Y,0.0002686400061164727
300,I,H,0.00026586785508395057
300,I,C,0.00026586785508395057
300,I,Y,0.00026586785508395057
300,I,A,0.00026586785508395057
300,I,Q,0.00026586785508395057
300,I,G,0.00026586785508395057
300,I,P,0.00026586785508395057
300,I,F,0.00026586785508395057
(HA2)112,D,C,0.0002624177084538923
(HA2)112,D,R,0.0002624177084538923
(HA2)112,D,M,0.0002624177084538923
(HA2)112,D,Y,0.0002624177084538923
(HA2)112,D,W,0.0002624177084538923
(HA2)112,D,K,0.0002624177084538923
(HA2)112,D,I,0.0002624177084538923
(HA2)112,D,H,0.0002624177084538923
(HA2)127,R,I,0.00024895750188833814
(HA2)127,R,F,0.00024895750188833814
(HA2)127,R,E,0.00024895750188833814
(HA2)127,R,L,0.00024895750188833814
(HA2)127,R,D,0.00024895750188833814
(HA2)127,R,C,0.00024895750188833814
(HA2)127,R,Q,0.00024895750188833814
(HA2)127,R,T,0.00024895750188833814
(HA2)127,R,Y,0.00024895750188833814
(HA2)127,R,M,0.00024895750188833814
(HA2)127,R,N,0.00024895750188833814
255,R,Q,0.00024306984016225886
255,R,C,0.00024306984016225886
255,R,P,0.00024306984016225886
255,R,F,0.00024306984016225886
255,R,L,0.00024306984016225886
255,R,E,0.00024306984016225886
255,R,T,0.00024306984016225886
255,R,I,0.00024306984016225886
255,R,Y,0.00024306984016225886
255,R,D,0.00024306984016225886
255,R,H,0.00024306984016225886
166,V,K,0.0002402941510039179
166,V,C,0.0002402941510039179
166,V,D,0.0002402941510039179
166,V,W,0.0002402941510039179
166,V,F,0.0002402941510039179
(HA2)153,R,C,0.00023554453911345531
(HA2)153,R,E,0.00023554453911345531
(HA2)153,R,Y,0.00023554453911345531
(HA2)153,R,Q,0.00023554453911345531
(HA2)153,R,H,0.00023554453911345531
100,Y,Q,0.00023498172802698325
100,Y,L,0.00023498172802698325
100,Y,I,0.00023498172802698325
100,Y,R,0.00023498172802698325
100,Y,F,0.00023498172802698325
100,Y,A,0.00023498172802698325
100,Y,E,0.00023498172802698325
100,Y,T,0.00023498172802698325
100,Y,W,0.00023498172802698325
100,Y,G,0.00023498172802698325
(HA2)186,I,H,0.00023371881896443482
(HA2)8,G,Q,0.00023177431727399432
(HA2)8,G,P,0.00023177431727399432
(HA2)8,G,H,0.00023177431727399432
(HA2)8,G,I,0.00023177431727399432
(HA2)8,G,E,0.00023177431727399432
(HA2)8,G,N,0.00023177431727399432
(HA2)8,G,W,0.00023177431727399432
(HA2)8,G,M,0.00023177431727399432
(HA2)8,G,Y,0.00023177431727399432
(HA2)2,I,H,0.00022997230869869998
(HA2)2,I,D,0.00022997230869869998
(HA2)2,I,A,0.00022997230869869998
(HA2)2,I,Y,0.00022997230869869998
(HA2)2,I,R,0.00022997230869869998
(HA2)2,I,Q,0.00022997230869869998
(HA2)115,M,H,0.00022485290291492216
(HA2)115,M,D,0.00022485290291492216
(HA2)115,M,C,0.00022485290291492216
(HA2)115,M,Y,0.00022485290291492216
(HA2)115,M,G,0.00022485290291492216
(HA2)115,M,E,0.00022485290291492216
(HA2)115,M,F,0.00022485290291492216
(HA2)115,M,W,0.00022485290291492216
(HA2)115,M,Q,0.00022485290291492216
(HA2)115,M,P,0.00022485290291492216
(HA2)78,Q,F,0.00022223534302379843
(HA2)78,Q,M,0.00022223534302379843
(HA2)78,Q,W,0.00022223534302379843
(HA2)78,Q,D,0.00022223534302379843
(HA2)78,Q,N,0.00022223534302379843
(HA2)78,Q,Y,0.00022223534302379843
(HA2)41,T,R,0.00022145085554922577
(HA2)41,T,W,0.00022145085554922577
(HA2)41,T,C,0.00022145085554922577
(HA2)41,T,Q,0.00022145085554922577
(HA2)41,T,M,0.00022145085554922577
(HA2)41,T,L,0.00022145085554922577
(HA2)41,T,G,0.00022145085554922577
(HA2)41,T,F,0.00022145085554922577
(HA2)41,T,E,0.00022145085554922577
(HA2)41,T,D,0.00022145085554922577
(HA2)3,F,Y,0.00021830812875846137
(HA2)3,F,K,0.00021830812875846137
(HA2)3,F,T,0.00021830812875846137
(HA2)3,F,Q,0.00021830812875846137
(HA2)3,F,N,0.00021830812875846137
(HA2)3,F,D,0.00021830812875846137
(HA2)3,F,E,0.00021830812875846137
(HA2)3,F,A,0.00021830812875846137
(HA2)61,E,W,0.00021784021716505684
(HA2)61,E,H,0.00021784021716505684
228,S,K,0.00021659788477645538
228,S,H,0.00021659788477645538
228,S,D,0.00021659788477645538
228,S,E,0.00021659788477645538
228,S,M,0.00021659788477645538
228,S,W,0.00021659788477645538
228,S,Q,0.00021659788477645538
228,S,P,0.00021659788477645538
228,S,Y,0.00021659788477645538
228,S,V,0.00021659788477645538
316,L,K,0.0002137975923171406
316,L,G,0.0002137975923171406
316,L,E,0.0002137975923171406
316,L,N,0.0002137975923171406
316,L,D,0.0002137975923171406
316,L,A,0.0002137975923171406
316,L,C,0.0002137975923171406
(HA2)5,A,D,0.00021201903822018174
(HA2)5,A,H,0.00021201903822018174
(HA2)5,A,P,0.00021201903822018174
(HA2)5,A,Y,0.00021201903822018174
(HA2)5,A,Q,0.00021201903822018174
(HA2)165,E,M,0.0002076306642672315
(HA2)165,E,T,0.0002076306642672315
51,I,W,0.00018573114491490198
51,I,E,0.00018573114491490198
51,I,F,0.00018573114491490198
51,I,G,0.00018573114491490198
51,I,H,0.00018573114491490198
51,I,N,0.00018573114491490198
51,I,P,0.00018573114491490198
51,I,Q,0.00018573114491490198
51,I,Y,0.00018573114491490198
51,I,C,0.00018573114491490198
51,I,D,0.00018573114491490198
233,Y,D,0.0001809141001461375
233,Y,G,0.0001809141001461375
233,Y,K,0.0001809141001461375
233,Y,L,0.0001809141001461375
233,Y,M,0.0001809141001461375
233,Y,T,0.0001809141001461375
233,Y,W,0.0001809141001461375
233,Y,I,0.0001809141001461375
(HA2)96,A,D,0.00018045393232931262
(HA2)96,A,W,0.00018045393232931262
(HA2)96,A,F,0.00018045393232931262
(HA2)96,A,K,0.00018045393232931262
(HA2)96,A,M,0.00018045393232931262
(HA2)96,A,N,0.00018045393232931262
(HA2)96,A,E,0.00018045393232931262
(HA2)125,Q,Y,0.00017945860263887426
(HA2)125,Q,P,0.00017945860263887426
(HA2)125,Q,D,0.00017945860263887426
(HA2)125,Q,C,0.00017945860263887426
(HA2)143,K,W,0.00017407133533747137
(HA2)143,K,M,0.00017407133533747137
(HA2)143,K,H,0.00017407133533747137
219,S,K,0.00016829191196159583
91,S,Y,0.0001621182327270141
91,S,W,0.0001621182327270141
91,S,M,0.0001621182327270141
91,S,L,0.0001621182327270141
91,S,K,0.0001621182327270141
91,S,D,0.0001621182327270141
91,S,H,0.0001621182327270141
151,L,I,0.00016132832394522684
151,L,K,0.00016132832394522684
151,L,D,0.00016132832394522684
151,L,E,0.00016132832394522684
151,L,G,0.00016132832394522684
151,L,H,0.00016132832394522684
151,L,Y,0.00016132832394522684
151,L,T,0.00016132832394522684
151,L,P,0.00016132832394522684
151,L,N,0.00016132832394522684
-5,C,E,0.00016099774484341046
-5,C,H,0.00016099774484341046
-5,C,M,0.00016099774484341046
249,G,Y,0.0001540002702077871
249,G,C,0.0001540002702077871
249,G,Q,0.0001540002702077871
249,G,P,0.0001540002702077871
249,G,M,0.0001540002702077871
249,G,K,0.0001540002702077871
249,G,F,0.0001540002702077871
(HA2)181,G,N,0.0001538340682489757
146,S,Y,0.00015359681019065625
146,S,W,0.00015359681019065625
146,S,V,0.00015359681019065625
146,S,Q,0.00015359681019065625
146,S,M,0.00015359681019065625
146,S,K,0.00015359681019065625
146,S,A,0.00015359681019065625
146,S,H,0.00015359681019065625
146,S,E,0.00015359681019065625
146,S,F,0.00015359681019065625
162,P,Y,0.00014421914559139848
162,P,F,0.00014421914559139848
162,P,V,0.00014421914559139848
162,P,C,0.00014421914559139848
107,S,H,0.00014420195057329577
107,S,E,0.00014420195057329577
107,S,C,0.00014420195057329577
107,S,W,0.00014420195057329577
107,S,L,0.00014420195057329577
107,S,K,0.00014420195057329577
107,S,M,0.00014420195057329577
71,L,C,0.0001424101912267291
71,L,D,0.0001424101912267291
71,L,G,0.0001424101912267291
71,L,H,0.0001424101912267291
71,L,E,0.0001424101912267291
71,L,K,0.0001424101912267291
71,L,A,0.0001424101912267291
71,L,M,0.0001424101912267291
71,L,N,0.0001424101912267291
71,L,Q,0.0001424101912267291
71,L,T,0.0001424101912267291
71,L,Y,0.0001424101912267291
(HA2)93,S,C,0.0001416474553347084
(HA2)93,S,A,0.0001416474553347084
(HA2)93,S,Y,0.0001416474553347084
(HA2)93,S,W,0.0001416474553347084
(HA2)93,S,R,0.0001416474553347084
(HA2)93,S,N,0.0001416474553347084
(HA2)93,S,K,0.0001416474553347084
(HA2)93,S,I,0.0001416474553347084
(HA2)93,S,H,0.0001416474553347084
(HA2)93,S,G,0.0001416474553347084
(HA2)93,S,D,0.0001416474553347084
(HA2)93,S,E,0.0001416474553347084
230,I,G,0.00013120384730341123
230,I,E,0.00013120384730341123
230,I,D,0.00013120384730341123
230,I,Y,0.00013120384730341123
230,I,W,0.00013120384730341123
230,I,S,0.00013120384730341123
230,I,Q,0.00013120384730341123
230,I,A,0.00013120384730341123
230,I,K,0.00013120384730341123
(HA2)70,F,P,0.000126280125692928
(HA2)70,F,N,0.000126280125692928
(HA2)70,F,D,0.000126280125692928
(HA2)70,F,C,0.000126280125692928
256,G,N,0.00012436894533278511
256,G,H,0.00012436894533278511
256,G,Y,0.00012436894533278511
256,G,W,0.00012436894533278511
256,G,R,0.00012436894533278511
256,G,P,0.00012436894533278511
256,G,M,0.00012436894533278511
256,G,L,0.00012436894533278511
256,G,K,0.00012436894533278511
256,G,I,0.00012436894533278511
256,G,F,0.00012436894533278511
256,G,E,0.00012436894533278511
305,C,L,0.0001227987898439981
305,C,H,0.0001227987898439981
305,C,E,0.0001227987898439981
305,C,A,0.0001227987898439981
305,C,K,0.0001227987898439981
305,C,T,0.0001227987898439981
305,C,Q,0.0001227987898439981
305,C,M,0.0001227987898439981
158,N,F,0.000122796649063209
158,N,I,0.000122796649063209
158,N,L,0.000122796649063209
158,N,M,0.000122796649063209
158,N,V,0.000122796649063209
158,N,W,0.000122796649063209
158,N,Y,0.000122796649063209
(HA2)48,I,D,0.00011803438643325133
(HA2)48,I,E,0.00011803438643325133
(HA2)48,I,H,0.00011803438643325133
(HA2)48,I,K,0.00011803438643325133
(HA2)48,I,P,0.00011803438643325133
(HA2)48,I,Q,0.00011803438643325133
(HA2)48,I,R,0.00011803438643325133
(HA2)48,I,W,0.00011803438643325133
(HA2)48,I,Y,0.00011803438643325133
221,P,Q,0.000116719056509436
221,P,N,0.000116719056509436
221,P,Y,0.000116719056509436
190,D,R,0.00011418668327954049
190,D,I,0.00011418668327954049
190,D,S,0.00011418668327954049
190,D,W,0.00011418668327954049
190,D,F,0.00011418668327954049
190,D,C,0.00011418668327954049
190,D,K,0.00011418668327954049
190,D,M,0.00011418668327954049
190,D,P,0.00011418668327954049
190,D,Q,0.00011418668327954049
(HA2)97,E,C,0.00011414446815659026
(HA2)97,E,W,0.00011414446815659026
(HA2)97,E,V,0.00011414446815659026
(HA2)97,E,T,0.00011414446815659026
(HA2)97,E,N,0.00011414446815659026
(HA2)97,E,L,0.00011414446815659026
(HA2)97,E,H,0.00011414446815659026
(HA2)97,E,M,0.00011414446815659026
(HA2)160,D,C,0.00010849007682079838
326,K,C,0.00010799331090278348
326,K,D,0.00010799331090278348
181,G,C,0.00010166266924217497
181,G,H,0.00010166266924217497
181,G,S,0.00010166266924217497
181,G,Q,0.00010166266924217497
181,G,M,0.00010166266924217497
181,G,I,0.00010166266924217497
181,G,P,0.00010166266924217497
181,G,F,0.00010166266924217497
181,G,D,0.00010166266924217497
(HA2)79,D,C,9.752707439549138e-05
(HA2)79,D,M,9.752707439549138e-05
(HA2)79,D,T,9.752707439549138e-05
(HA2)79,D,H,9.752707439549138e-05
213,V,T,9.57537588134162e-05
213,V,M,9.57537588134162e-05
213,V,W,9.57537588134162e-05
213,V,F,9.57537588134162e-05
213,V,N,9.57537588134162e-05
213,V,H,9.57537588134162e-05
287,S,A,9.400285522325388e-05
287,S,Y,9.400285522325388e-05
287,S,V,9.400285522325388e-05
287,S,W,9.400285522325388e-05
287,S,M,9.400285522325388e-05
287,S,K,9.400285522325388e-05
287,S,F,9.400285522325388e-05
287,S,C,9.400285522325388e-05
287,S,E,9.400285522325388e-05
287,S,D,9.400285522325388e-05
45,S,F,9.004562496195209e-05
45,S,M,9.004562496195209e-05
321,R,H,8.996014044845964e-05
321,R,W,8.996014044845964e-05
321,R,T,8.996014044845964e-05
321,R,P,8.996014044845964e-05
321,R,N,8.996014044845964e-05
321,R,M,8.996014044845964e-05
321,R,I,8.996014044845964e-05
321,R,C,8.996014044845964e-05
321,R,E,8.996014044845964e-05
321,R,F,8.996014044845964e-05
125,F,W,8.875079974226161e-05
125,F,H,8.875079974226161e-05
125,F,K,8.875079974226161e-05
125,F,P,8.875079974226161e-05
125,F,M,8.875079974226161e-05
125,F,N,8.875079974226161e-05
125,F,C,8.875079974226161e-05
125,F,Q,8.875079974226161e-05
125,F,T,8.875079974226161e-05
125,F,D,8.875079974226161e-05
125,F,G,8.875079974226161e-05
125,F,E,8.875079974226161e-05
295,Q,T,8.719466956400154e-05
295,Q,G,8.719466956400154e-05
295,Q,A,8.719466956400154e-05
295,Q,V,8.719466956400154e-05
295,Q,D,8.719466956400154e-05
295,Q,E,8.719466956400154e-05
295,Q,F,8.719466956400154e-05
295,Q,C,8.719466956400154e-05
295,Q,M,8.719466956400154e-05
295,Q,Y,8.719466956400154e-05
295,Q,N,8.719466956400154e-05
(HA2)63,F,T,8.657860580480282e-05
(HA2)63,F,R,8.657860580480282e-05
(HA2)63,F,P,8.657860580480282e-05
(HA2)63,F,E,8.657860580480282e-05
(HA2)63,F,K,8.657860580480282e-05
(HA2)63,F,M,8.657860580480282e-05
(HA2)63,F,N,8.657860580480282e-05
99,P,D,8.522201881562731e-05
99,P,F,8.522201881562731e-05
99,P,K,8.522201881562731e-05
99,P,M,8.522201881562731e-05
99,P,N,8.522201881562731e-05
99,P,Q,8.522201881562731e-05
99,P,W,8.522201881562731e-05
99,P,C,8.522201881562731e-05
99,P,Y,8.522201881562731e-05
18,H,E,8.457670653559045e-05
18,H,F,8.457670653559045e-05
18,H,K,8.457670653559045e-05
18,H,A,8.457670653559045e-05
18,H,S,8.457670653559045e-05
18,H,W,8.457670653559045e-05
18,H,T,8.457670653559045e-05
18,H,C,8.457670653559045e-05
(HA2)81,E,H,7.554392177983104e-05
(HA2)81,E,W,7.554392177983104e-05
(HA2)81,E,N,7.554392177983104e-05
(HA2)81,E,M,7.554392177983104e-05
(HA2)81,E,I,7.554392177983104e-05
(HA2)81,E,Q,7.554392177983104e-05
(HA2)81,E,P,7.554392177983104e-05
52,C,N,7.194388658023555e-05
52,C,K,7.194388658023555e-05
52,C,P,7.194388658023555e-05
52,C,Q,7.194388658023555e-05
52,C,I,7.194388658023555e-05
52,C,H,7.194388658023555e-05
52,C,F,7.194388658023555e-05
52,C,T,7.194388658023555e-05
52,C,D,7.194388658023555e-05
52,C,M,7.194388658023555e-05
52,C,L,7.194388658023555e-05
282,I,Q,6.916478842302263e-05
282,I,G,6.916478842302263e-05
282,I,M,6.916478842302263e-05
282,I,P,6.916478842302263e-05
282,I,E,6.916478842302263e-05
282,I,R,6.916478842302263e-05
282,I,W,6.916478842302263e-05
282,I,K,6.916478842302263e-05
282,I,D,6.916478842302263e-05
282,I,C,6.916478842302263e-05
314,L,A,6.911945300119205e-05
314,L,F,6.911945300119205e-05
314,L,H,6.911945300119205e-05
314,L,N,6.911945300119205e-05
314,L,T,6.911945300119205e-05
314,L,W,6.911945300119205e-05
314,L,G,6.911945300119205e-05
118,L,Q,6.855017031513693e-05
118,L,W,6.855017031513693e-05
118,L,Y,6.855017031513693e-05
118,L,E,6.855017031513693e-05
118,L,G,6.855017031513693e-05
118,L,N,6.855017031513693e-05
118,L,I,6.855017031513693e-05
118,L,H,6.855017031513693e-05
118,L,A,6.855017031513693e-05
118,L,C,6.855017031513693e-05
118,L,D,6.855017031513693e-05
84,W,D,6.851312957395442e-05
84,W,E,6.851312957395442e-05
84,W,Y,6.851312957395442e-05
84,W,I,6.851312957395442e-05
84,W,K,6.851312957395442e-05
84,W,P,6.851312957395442e-05
84,W,A,6.851312957395442e-05
84,W,T,6.851312957395442e-05
84,W,Q,6.851312957395442e-05
198,A,W,6.790988922896568e-05
198,A,D,6.790988922896568e-05
198,A,C,6.790988922896568e-05
198,A,Y,6.790988922896568e-05
198,A,F,6.790988922896568e-05
198,A,H,6.790988922896568e-05
198,A,I,6.790988922896568e-05
198,A,K,6.790988922896568e-05
198,A,L,6.790988922896568e-05
198,A,M,6.790988922896568e-05
198,A,N,6.790988922896568e-05
198,A,R,6.790988922896568e-05
246,N,P,6.54378134413489e-05
246,N,I,6.54378134413489e-05
246,N,E,6.54378134413489e-05
246,N,A,6.54378134413489e-05
246,N,M,6.54378134413489e-05
246,N,R,6.54378134413489e-05
246,N,V,6.54378134413489e-05
(HA2)72,E,P,6.529045525989382e-05
(HA2)72,E,M,6.529045525989382e-05
(HA2)72,E,H,6.529045525989382e-05
(HA2)72,E,C,6.529045525989382e-05
(HA2)72,E,W,6.529045525989382e-05
(HA2)72,E,Y,6.529045525989382e-05
308,Y,W,6.503748929088951e-05
308,Y,Q,6.503748929088951e-05
308,Y,E,6.503748929088951e-05
308,Y,I,6.503748929088951e-05
308,Y,M,6.503748929088951e-05
308,Y,T,6.503748929088951e-05
308,Y,S,6.503748929088951e-05
308,Y,P,6.503748929088951e-05
308,Y,R,6.503748929088951e-05
140,I,N,6.332229642203587e-05
140,I,Y,6.332229642203587e-05
140,I,W,6.332229642203587e-05
140,I,Q,6.332229642203587e-05
140,I,G,6.332229642203587e-05
140,I,F,6.332229642203587e-05
140,I,D,6.332229642203587e-05
140,I,C,6.332229642203587e-05
97,C,D,5.8817765846320134e-05
97,C,Q,5.8817765846320134e-05
97,C,T,5.8817765846320134e-05
97,C,A,5.8817765846320134e-05
97,C,E,5.8817765846320134e-05
97,C,H,5.8817765846320134e-05
97,C,N,5.8817765846320134e-05
97,C,M,5.8817765846320134e-05
97,C,K,5.8817765846320134e-05
329,R,L,5.68704811021683e-05
329,R,N,5.68704811021683e-05
329,R,I,5.68704811021683e-05
329,R,E,5.68704811021683e-05
329,R,P,5.68704811021683e-05
329,R,Y,5.68704811021683e-05
329,R,C,5.68704811021683e-05
329,R,A,5.68704811021683e-05
329,R,M,5.68704811021683e-05
329,R,Q,5.68704811021683e-05
182,V,N,5.566257335471518e-05
182,V,M,5.566257335471518e-05
182,V,C,5.566257335471518e-05
182,V,E,5.566257335471518e-05
182,V,H,5.566257335471518e-05
182,V,W,5.566257335471518e-05
182,V,S,5.566257335471518e-05
182,V,R,5.566257335471518e-05
182,V,Q,5.566257335471518e-05
182,V,K,5.566257335471518e-05
(HA2)118,L,W,5.024049664977779e-05
(HA2)118,L,A,5.024049664977779e-05
(HA2)118,L,D,5.024049664977779e-05
(HA2)118,L,T,5.024049664977779e-05
(HA2)118,L,Y,5.024049664977779e-05
(HA2)118,L,K,5.024049664977779e-05
(HA2)118,L,H,5.024049664977779e-05
(HA2)118,L,E,5.024049664977779e-05
(HA2)118,L,N,5.024049664977779e-05
154,L,A,5.0209312829755007e-05
154,L,C,5.0209312829755007e-05
154,L,D,5.0209312829755007e-05
154,L,E,5.0209312829755007e-05
154,L,Y,5.0209312829755007e-05
154,L,G,5.0209312829755007e-05
154,L,H,5.0209312829755007e-05
154,L,I,5.0209312829755007e-05
154,L,K,5.0209312829755007e-05
154,L,Q,5.0209312829755007e-05
154,L,R,5.0209312829755007e-05
154,L,T,5.0209312829755007e-05
154,L,W,5.0209312829755007e-05
154,L,P,5.0209312829755007e-05
235,T,N,4.932607903262995e-05
235,T,M,4.932607903262995e-05
235,T,D,4.932607903262995e-05
235,T,E,4.932607903262995e-05
235,T,G,4.932607903262995e-05
235,T,H,4.932607903262995e-05
235,T,Y,4.932607903262995e-05
235,T,W,4.932607903262995e-05
235,T,Q,4.932607903262995e-05
235,T,C,4.932607903262995e-05
235,T,F,4.932607903262995e-05
(HA2)9,F,Y,4.8604653666928505e-05
(HA2)9,F,T,4.8604653666928505e-05
(HA2)9,F,Q,4.8604653666928505e-05
(HA2)9,F,H,4.8604653666928505e-05
(HA2)9,F,N,4.8604653666928505e-05
(HA2)9,F,A,4.8604653666928505e-05
(HA2)9,F,D,4.8604653666928505e-05
(HA2)9,F,G,4.8604653666928505e-05
54,S,W,4.727635263544383e-05
54,S,P,4.727635263544383e-05
54,S,Y,4.727635263544383e-05
(HA2)188,W,F,4.5418620527966424e-05
(HA2)188,W,E,4.5418620527966424e-05
(HA2)188,W,D,4.5418620527966424e-05
(HA2)188,W,A,4.5418620527966424e-05
(HA2)188,W,H,4.5418620527966424e-05
(HA2)188,W,L,4.5418620527966424e-05
(HA2)188,W,I,4.5418620527966424e-05
(HA2)188,W,N,4.5418620527966424e-05
(HA2)188,W,P,4.5418620527966424e-05
(HA2)188,W,Q,4.5418620527966424e-05
(HA2)188,W,S,4.5418620527966424e-05
(HA2)188,W,T,4.5418620527966424e-05
(HA2)188,W,M,4.5418620527966424e-05
(HA2)188,W,V,4.5418620527966424e-05
(HA2)188,W,Y,4.5418620527966424e-05
(HA2)188,W,K,4.5418620527966424e-05
90,R,A,4.521776689214776e-05
90,R,W,4.521776689214776e-05
90,R,V,4.521776689214776e-05
90,R,E,4.521776689214776e-05
90,R,T,4.521776689214776e-05
90,R,M,4.521776689214776e-05
90,R,L,4.521776689214776e-05
90,R,K,4.521776689214776e-05
90,R,I,4.521776689214776e-05
90,R,G,4.521776689214776e-05
90,R,F,4.521776689214776e-05
90,R,D,4.521776689214776e-05
90,R,Y,4.521776689214776e-05
90,R,P,4.521776689214776e-05
98,Y,T,4.3133913926288695e-05
98,Y,P,4.3133913926288695e-05
98,Y,R,4.3133913926288695e-05
98,Y,S,4.3133913926288695e-05
98,Y,V,4.3133913926288695e-05
98,Y,W,4.3133913926288695e-05
98,Y,M,4.3133913926288695e-05
98,Y,E,4.3133913926288695e-05
98,Y,L,4.3133913926288695e-05
263,G,D,4.1130626220987935e-05
263,G,Y,4.1130626220987935e-05
263,G,W,4.1130626220987935e-05
263,G,V,4.1130626220987935e-05
263,G,P,4.1130626220987935e-05
263,G,N,4.1130626220987935e-05
263,G,L,4.1130626220987935e-05
263,G,K,4.1130626220987935e-05
263,G,I,4.1130626220987935e-05
263,G,F,4.1130626220987935e-05
263,G,C,4.1130626220987935e-05
273,P,Q,4.069246473375552e-05
273,P,Y,4.069246473375552e-05
273,P,W,4.069246473375552e-05
273,P,C,4.069246473375552e-05
273,P,N,4.069246473375552e-05
273,P,M,4.069246473375552e-05
273,P,H,4.069246473375552e-05
273,P,F,4.069246473375552e-05
273,P,E,4.069246473375552e-05
194,L,A,3.856543110418728e-05
194,L,C,3.856543110418728e-05
194,L,H,3.856543110418728e-05
194,L,D,3.856543110418728e-05
194,L,E,3.856543110418728e-05
194,L,N,3.856543110418728e-05
194,L,F,3.856543110418728e-05
194,L,G,3.856543110418728e-05
194,L,T,3.856543110418728e-05
194,L,W,3.856543110418728e-05
194,L,Y,3.856543110418728e-05
194,L,S,3.856543110418728e-05
(HA2)76,R,F,3.307272026886684e-05
(HA2)76,R,H,3.307272026886684e-05
(HA2)76,R,A,3.307272026886684e-05
(HA2)76,R,Q,3.307272026886684e-05
(HA2)76,R,W,3.307272026886684e-05
(HA2)76,R,M,3.307272026886684e-05
(HA2)76,R,D,3.307272026886684e-05
113,A,L,2.8316570804970962e-05
113,A,R,2.8316570804970962e-05
113,A,K,2.8316570804970962e-05
113,A,H,2.8316570804970962e-05
113,A,I,2.8316570804970962e-05
113,A,C,2.8316570804970962e-05
113,A,Q,2.8316570804970962e-05
113,A,M,2.8316570804970962e-05
113,A,W,2.8316570804970962e-05
113,A,E,2.8316570804970962e-05
113,A,Y,2.8316570804970962e-05
113,A,F,2.8316570804970962e-05
205,S,W,2.784740797707977e-05
205,S,C,2.784740797707977e-05
205,S,E,2.784740797707977e-05
205,S,F,2.784740797707977e-05
205,S,H,2.784740797707977e-05
205,S,N,2.784740797707977e-05
205,S,V,2.784740797707977e-05
205,S,D,2.784740797707977e-05
129,G,P,2.6687155221660395e-05
129,G,K,2.6687155221660395e-05
129,G,L,2.6687155221660395e-05
129,G,M,2.6687155221660395e-05
129,G,I,2.6687155221660395e-05
129,G,Q,2.6687155221660395e-05
129,G,H,2.6687155221660395e-05
129,G,V,2.6687155221660395e-05
129,G,C,2.6687155221660395e-05
120,F,A,2.5069438127380316e-05
120,F,D,2.5069438127380316e-05
120,F,E,2.5069438127380316e-05
120,F,H,2.5069438127380316e-05
120,F,I,2.5069438127380316e-05
120,F,M,2.5069438127380316e-05
120,F,N,2.5069438127380316e-05
120,F,P,2.5069438127380316e-05
120,F,Q,2.5069438127380316e-05
120,F,R,2.5069438127380316e-05
120,F,T,2.5069438127380316e-05
120,F,W,2.5069438127380316e-05
120,F,Y,2.5069438127380316e-05
120,F,K,2.5069438127380316e-05
284,P,K,2.4309988774987886e-05
284,P,M,2.4309988774987886e-05
284,P,C,2.4309988774987886e-05
284,P,H,2.4309988774987886e-05
284,P,T,2.4309988774987886e-05
284,P,D,2.4309988774987886e-05
284,P,F,2.4309988774987886e-05
284,P,N,2.4309988774987886e-05
284,P,G,2.4309988774987886e-05
284,P,R,2.4309988774987886e-05
284,P,V,2.4309988774987886e-05
284,P,W,2.4309988774987886e-05
284,P,Y,2.4309988774987886e-05
284,P,E,2.4309988774987886e-05
284,P,I,2.4309988774987886e-05
237,V,D,2.31953173326718e-05
237,V,H,2.31953173326718e-05
237,V,T,2.31953173326718e-05
237,V,C,2.31953173326718e-05
237,V,Y,2.31953173326718e-05
237,V,F,2.31953173326718e-05
237,V,W,2.31953173326718e-05
237,V,K,2.31953173326718e-05
237,V,Q,2.31953173326718e-05
237,V,M,2.31953173326718e-05
237,V,P,2.31953173326718e-05
12,T,D,2.1580327437345257e-05
12,T,E,2.1580327437345257e-05
12,T,G,2.1580327437345257e-05
12,T,N,2.1580327437345257e-05
12,T,V,2.1580327437345257e-05
12,T,P,2.1580327437345257e-05
12,T,Q,2.1580327437345257e-05
12,T,C,2.1580327437345257e-05
12,T,W,2.1580327437345257e-05
12,T,Y,2.1580327437345257e-05
104,D,K,2.1274581818316412e-05
104,D,I,2.1274581818316412e-05
104,D,H,2.1274581818316412e-05
104,D,M,2.1274581818316412e-05
104,D,F,2.1274581818316412e-05
104,D,P,2.1274581818316412e-05
104,D,W,2.1274581818316412e-05
104,D,C,2.1274581818316412e-05
104,D,S,2.1274581818316412e-05
77,D,K,2.08037242421165e-05
77,D,T,2.08037242421165e-05
77,D,Y,2.08037242421165e-05
77,D,H,2.08037242421165e-05
77,D,F,2.08037242421165e-05
77,D,L,2.08037242421165e-05
77,D,W,2.08037242421165e-05
77,D,M,2.08037242421165e-05
77,D,R,2.08037242421165e-05
77,D,C,2.08037242421165e-05
77,D,A,2.08037242421165e-05
(HA2)36,A,M,2.0797868565725345e-05
(HA2)36,A,N,2.0797868565725345e-05
(HA2)36,A,L,2.0797868565725345e-05
(HA2)36,A,I,2.0797868565725345e-05
(HA2)36,A,W,2.0797868565725345e-05
(HA2)36,A,D,2.0797868565725345e-05
(HA2)36,A,Y,2.0797868565725345e-05
62,K,H,1.7678149518872726e-05
62,K,I,1.7678149518872726e-05
62,K,N,1.7678149518872726e-05
62,K,V,1.7678149518872726e-05
62,K,Y,1.7678149518872726e-05
176,K,F,1.5756209118695372e-05
176,K,A,1.5756209118695372e-05
176,K,Y,1.5756209118695372e-05
176,K,M,1.5756209118695372e-05
176,K,I,1.5756209118695372e-05
176,K,H,1.5756209118695372e-05
176,K,D,1.5756209118695372e-05
176,K,C,1.5756209118695372e-05
128,T,C,1.5532158274961527e-05
128,T,H,1.5532158274961527e-05
128,T,F,1.5532158274961527e-05
128,T,G,1.5532158274961527e-05
128,T,K,1.5532158274961527e-05
128,T,Q,1.5532158274961527e-05
128,T,Y,1.5532158274961527e-05
(HA2)85,E,F,1.546311868401809e-05
(HA2)85,E,C,1.546311868401809e-05
(HA2)85,E,N,1.546311868401809e-05
(HA2)85,E,Q,1.546311868401809e-05
(HA2)85,E,T,1.546311868401809e-05
(HA2)85,E,K,1.546311868401809e-05
241,D,A,1.284104931990795e-05
241,D,R,1.284104931990795e-05
241,D,K,1.284104931990795e-05
241,D,I,1.284104931990795e-05
241,D,M,1.284104931990795e-05
241,D,L,1.284104931990795e-05
241,D,Q,1.284104931990795e-05
241,D,W,1.284104931990795e-05
241,D,V,1.284104931990795e-05
241,D,F,1.284104931990795e-05
-10,L,R,1.2639510380574804e-05
-10,L,W,1.2639510380574804e-05
-10,L,M,1.2639510380574804e-05
-10,L,K,1.2639510380574804e-05
74,P,R,1.1316325288785167e-05
74,P,A,1.1316325288785167e-05
74,P,D,1.1316325288785167e-05
74,P,F,1.1316325288785167e-05
74,P,E,1.1316325288785167e-05
74,P,I,1.1316325288785167e-05
74,P,G,1.1316325288785167e-05
74,P,M,1.1316325288785167e-05
74,P,C,1.1316325288785167e-05
74,P,N,1.1316325288785167e-05
74,P,K,1.1316325288785167e-05
74,P,Q,1.1316325288785167e-05
74,P,V,1.1316325288785167e-05
74,P,Y,1.1316325288785167e-05
74,P,W,1.1316325288785167e-05
206,T,C,6.616929584683046e-06
206,T,D,6.616929584683046e-06
206,T,E,6.616929584683046e-06
206,T,F,6.616929584683046e-06
206,T,G,6.616929584683046e-06
206,T,H,6.616929584683046e-06
206,T,K,6.616929584683046e-06
206,T,Y,6.616929584683046e-06
206,T,L,6.616929584683046e-06
206,T,M,6.616929584683046e-06
206,T,N,6.616929584683046e-06
206,T,Q,6.616929584683046e-06
206,T,R,6.616929584683046e-06
206,T,V,6.616929584683046e-06
206,T,W,6.616929584683046e-06
66,L,W,4.031083542008153e-06
66,L,F,4.031083542008153e-06
66,L,Y,4.031083542008153e-06
66,L,E,4.031083542008153e-06
66,L,C,4.031083542008153e-06
66,L,M,4.031083542008153e-06
66,L,A,4.031083542008153e-06
66,L,H,4.031083542008153e-06
66,L,T,4.031083542008153e-06
66,L,K,4.031083542008153e-06
66,L,Q,4.031083542008153e-06
66,L,N,4.031083542008153e-06
66,L,D,4.031083542008153e-06
268,M,W,3.459785956902254e-06
268,M,Y,3.459785956902254e-06
268,M,A,3.459785956902254e-06
268,M,D,3.459785956902254e-06
268,M,E,3.459785956902254e-06
-4,L,I,2.7736452078608745e-06
-4,L,E,2.7736452078608745e-06
-4,L,F,2.7736452078608745e-06
250,N,A,-8.040110680191744e-07
250,N,Q,-8.040110680191744e-07
250,N,W,-8.040110680191744e-07
250,N,E,-8.040110680191744e-07
250,N,F,-8.040110680191744e-07
250,N,V,-8.040110680191744e-07
250,N,R,-8.040110680191744e-07
250,N,G,-8.040110680191744e-07
250,N,M,-8.040110680191744e-07
298,N,L,-7.73849344226752e-06
298,N,W,-7.73849344226752e-06
298,N,V,-7.73849344226752e-06
298,N,F,-7.73849344226752e-06
298,N,R,-7.73849344226752e-06
(HA2)32,R,C,-8.809815952310018e-06
(HA2)190,S,G,-9.71356855394656e-06
(HA2)190,S,Y,-9.71356855394656e-06
(HA2)190,S,L,-9.71356855394656e-06
(HA2)190,S,K,-9.71356855394656e-06
(HA2)190,S,H,-9.71356855394656e-06
(HA2)190,S,N,-9.71356855394656e-06
(HA2)190,S,V,-9.71356855394656e-06
(HA2)190,S,Q,-9.71356855394656e-06
(HA2)190,S,I,-9.71356855394656e-06
(HA2)190,S,E,-9.71356855394656e-06
(HA2)190,S,D,-9.71356855394656e-06
(HA2)190,S,C,-9.71356855394656e-06
(HA2)190,S,A,-9.71356855394656e-06
(HA2)190,S,M,-9.71356855394656e-06
177,L,I,-9.790865002557012e-06
177,L,K,-9.790865002557012e-06
177,L,T,-9.790865002557012e-06
177,L,G,-9.790865002557012e-06
177,L,H,-9.790865002557012e-06
177,L,E,-9.790865002557012e-06
177,L,D,-9.790865002557012e-06
177,L,C,-9.790865002557012e-06
177,L,N,-9.790865002557012e-06
177,L,A,-9.790865002557012e-06
177,L,Q,-9.790865002557012e-06
177,L,R,-9.790865002557012e-06
(HA2)100,V,S,-1.180741038136495e-05
(HA2)100,V,R,-1.180741038136495e-05
(HA2)100,V,Q,-1.180741038136495e-05
(HA2)100,V,P,-1.180741038136495e-05
(HA2)100,V,N,-1.180741038136495e-05
(HA2)100,V,M,-1.180741038136495e-05
(HA2)100,V,K,-1.180741038136495e-05
(HA2)100,V,D,-1.180741038136495e-05
(HA2)100,V,W,-1.180741038136495e-05
(HA2)74,E,F,-1.3183951382894238e-05
(HA2)74,E,T,-1.3183951382894238e-05
(HA2)74,E,C,-1.3183951382894238e-05
(HA2)74,E,H,-1.3183951382894238e-05
(HA2)74,E,I,-1.3183951382894238e-05
(HA2)74,E,N,-1.3183951382894238e-05
(HA2)74,E,P,-1.3183951382894238e-05
(HA2)74,E,Q,-1.3183951382894238e-05
(HA2)74,E,Y,-1.3183951382894238e-05
(HA2)74,E,W,-1.3183951382894238e-05
(HA2)74,E,R,-1.3183951382894238e-05
87,F,A,-1.414454715643596e-05
87,F,E,-1.414454715643596e-05
87,F,W,-1.414454715643596e-05
87,F,Q,-1.414454715643596e-05
87,F,G,-1.414454715643596e-05
87,F,D,-1.414454715643596e-05
87,F,C,-1.414454715643596e-05
87,F,H,-1.414454715643596e-05
87,F,K,-1.414454715643596e-05
87,F,N,-1.414454715643596e-05
(HA2)20,G,R,-1.4310616428673097e-05
(HA2)20,G,F,-1.4310616428673097e-05
(HA2)20,G,I,-1.4310616428673097e-05
(HA2)20,G,K,-1.4310616428673097e-05
(HA2)20,G,M,-1.4310616428673097e-05
(HA2)20,G,Y,-1.4310616428673097e-05
(HA2)20,G,T,-1.4310616428673097e-05
(HA2)20,G,Q,-1.4310616428673097e-05
(HA2)20,G,E,-1.4310616428673097e-05
(HA2)95,N,I,-1.557065005673667e-05
(HA2)95,N,V,-1.557065005673667e-05
153,W,L,-1.565951267562504e-05
153,W,E,-1.565951267562504e-05
153,W,D,-1.565951267562504e-05
153,W,M,-1.565951267562504e-05
153,W,N,-1.565951267562504e-05
153,W,P,-1.565951267562504e-05
153,W,Q,-1.565951267562504e-05
153,W,T,-1.565951267562504e-05
153,W,Y,-1.565951267562504e-05
153,W,H,-1.565951267562504e-05
105,Y,N,-1.8229762787372922e-05
105,Y,Q,-1.8229762787372922e-05
105,Y,G,-1.8229762787372922e-05
105,Y,R,-1.8229762787372922e-05
105,Y,F,-1.8229762787372922e-05
105,Y,A,-1.8229762787372922e-05
105,Y,K,-1.8229762787372922e-05
105,Y,T,-1.8229762787372922e-05
105,Y,V,-1.8229762787372922e-05
105,Y,W,-1.8229762787372922e-05
285,N,V,-1.8683938262625492e-05
285,N,M,-1.8683938262625492e-05
285,N,W,-1.8683938262625492e-05
285,N,R,-1.8683938262625492e-05
285,N,G,-1.8683938262625492e-05
285,N,E,-1.8683938262625492e-05
285,N,C,-1.8683938262625492e-05
285,N,P,-1.8683938262625492e-05
281,C,K,-2.0859201151533077e-05
281,C,I,-2.0859201151533077e-05
281,C,H,-2.0859201151533077e-05
281,C,E,-2.0859201151533077e-05
281,C,T,-2.0859201151533077e-05
281,C,N,-2.0859201151533077e-05
281,C,L,-2.0859201151533077e-05
281,C,V,-2.0859201151533077e-05
281,C,M,-2.0859201151533077e-05
281,C,W,-2.0859201151533077e-05
281,C,A,-2.0859201151533077e-05
152,N,R,-2.3662216667569416e-05
152,N,A,-2.3662216667569416e-05
152,N,W,-2.3662216667569416e-05
152,N,V,-2.3662216667569416e-05
152,N,Q,-2.3662216667569416e-05
152,N,P,-2.3662216667569416e-05
152,N,M,-2.3662216667569416e-05
152,N,F,-2.3662216667569416e-05
152,N,E,-2.3662216667569416e-05
152,N,C,-2.3662216667569416e-05
108,L,G,-2.686668476078119e-05
108,L,Q,-2.686668476078119e-05
108,L,S,-2.686668476078119e-05
108,L,K,-2.686668476078119e-05
108,L,V,-2.686668476078119e-05
108,L,Y,-2.686668476078119e-05
108,L,C,-2.686668476078119e-05
108,L,M,-2.686668476078119e-05
108,L,D,-2.686668476078119e-05
108,L,A,-2.686668476078119e-05
108,L,N,-2.686668476078119e-05
108,L,E,-2.686668476078119e-05
179,I,R,-2.705096427055171e-05
179,I,W,-2.705096427055171e-05
179,I,D,-2.705096427055171e-05
179,I,E,-2.705096427055171e-05
179,I,C,-2.705096427055171e-05
179,I,G,-2.705096427055171e-05
179,I,A,-2.705096427055171e-05
179,I,Q,-2.705096427055171e-05
179,I,P,-2.705096427055171e-05
179,I,K,-2.705096427055171e-05
114,S,V,-2.72601986857344e-05
114,S,W,-2.72601986857344e-05
114,S,Y,-2.72601986857344e-05
114,S,C,-2.72601986857344e-05
114,S,H,-2.72601986857344e-05
114,S,M,-2.72601986857344e-05
114,S,E,-2.72601986857344e-05
114,S,D,-2.72601986857344e-05
114,S,F,-2.72601986857344e-05
114,S,G,-2.72601986857344e-05
114,S,N,-2.72601986857344e-05
169,P,I,-2.7628298874928855e-05
169,P,N,-2.7628298874928855e-05
169,P,D,-2.7628298874928855e-05
169,P,C,-2.7628298874928855e-05
169,P,M,-2.7628298874928855e-05
169,P,F,-2.7628298874928855e-05
169,P,Y,-2.7628298874928855e-05
185,P,G,-2.7724807725315534e-05
185,P,A,-2.7724807725315534e-05
185,P,W,-2.7724807725315534e-05
185,P,M,-2.7724807725315534e-05
185,P,Y,-2.7724807725315534e-05
185,P,K,-2.7724807725315534e-05
185,P,F,-2.7724807725315534e-05
185,P,D,-2.7724807725315534e-05
185,P,E,-2.7724807725315534e-05
185,P,N,-2.7724807725315534e-05
245,I,A,-3.251469364221825e-05
245,I,Y,-3.251469364221825e-05
245,I,D,-3.251469364221825e-05
245,I,H,-3.251469364221825e-05
245,I,S,-3.251469364221825e-05
245,I,R,-3.251469364221825e-05
245,I,G,-3.251469364221825e-05
245,I,C,-3.251469364221825e-05
245,I,E,-3.251469364221825e-05
245,I,W,-3.251469364221825e-05
245,I,K,-3.251469364221825e-05
165,N,M,-3.522514625011823e-05
165,N,P,-3.522514625011823e-05
165,N,Q,-3.522514625011823e-05
165,N,W,-3.522514625011823e-05
165,N,Y,-3.522514625011823e-05
165,N,C,-3.522514625011823e-05
165,N,F,-3.522514625011823e-05
(HA2)194,S,F,-3.635099256483234e-05
(HA2)194,S,E,-3.635099256483234e-05
(HA2)194,S,D,-3.635099256483234e-05
(HA2)194,S,G,-3.635099256483234e-05
(HA2)194,S,Y,-3.635099256483234e-05
(HA2)194,S,R,-3.635099256483234e-05
(HA2)194,S,I,-3.635099256483234e-05
(HA2)194,S,K,-3.635099256483234e-05
(HA2)194,S,H,-3.635099256483234e-05
(HA2)194,S,N,-3.635099256483234e-05
(HA2)194,S,Q,-3.635099256483234e-05
(HA2)194,S,M,-3.635099256483234e-05
(HA2)194,S,C,-3.635099256483234e-05
(HA2)104,N,E,-3.8256824760227054e-05
(HA2)104,N,H,-3.8256824760227054e-05
(HA2)104,N,W,-3.8256824760227054e-05
(HA2)104,N,V,-3.8256824760227054e-05
(HA2)104,N,F,-3.8256824760227054e-05
(HA2)104,N,M,-3.8256824760227054e-05
(HA2)104,N,R,-3.8256824760227054e-05
(HA2)104,N,A,-3.8256824760227054e-05
(HA2)104,N,G,-3.8256824760227054e-05
(HA2)104,N,Q,-3.8256824760227054e-05
(HA2)104,N,P,-3.8256824760227054e-05
(HA2)104,N,C,-3.8256824760227054e-05
261,R,W,-3.925809222514838e-05
277,C,V,-4.117511589707374e-05
277,C,A,-4.117511589707374e-05
277,C,K,-4.117511589707374e-05
277,C,P,-4.117511589707374e-05
277,C,H,-4.117511589707374e-05
277,C,Q,-4.117511589707374e-05
(HA2)117,K,P,-4.203050881270207e-05
(HA2)117,K,Y,-4.203050881270207e-05
(HA2)117,K,W,-4.203050881270207e-05
49,G,F,-4.312016940689065e-05
49,G,Q,-4.312016940689065e-05
49,G,M,-4.312016940689065e-05
(HA2)12,N,A,-4.4132729815941205e-05
(HA2)12,N,C,-4.4132729815941205e-05
(HA2)12,N,E,-4.4132729815941205e-05
(HA2)12,N,M,-4.4132729815941205e-05
(HA2)12,N,P,-4.4132729815941205e-05
(HA2)12,N,R,-4.4132729815941205e-05
(HA2)12,N,V,-4.4132729815941205e-05
(HA2)12,N,W,-4.4132729815941205e-05
197,Q,S,-4.650279907234376e-05
197,Q,N,-4.650279907234376e-05
197,Q,Y,-4.650279907234376e-05
197,Q,M,-4.650279907234376e-05
197,Q,W,-4.650279907234376e-05
197,Q,C,-4.650279907234376e-05
197,Q,F,-4.650279907234376e-05
197,Q,D,-4.650279907234376e-05
197,Q,T,-4.650279907234376e-05
197,Q,K,-4.650279907234376e-05
197,Q,I,-4.650279907234376e-05
197,Q,A,-4.650279907234376e-05
197,Q,V,-4.650279907234376e-05
(HA2)26,H,A,-4.824073422715029e-05
(HA2)26,H,C,-4.824073422715029e-05
(HA2)26,H,I,-4.824073422715029e-05
(HA2)26,H,M,-4.824073422715029e-05
(HA2)26,H,E,-4.824073422715029e-05
(HA2)26,H,G,-4.824073422715029e-05
(HA2)44,A,Y,-4.8264111760223117e-05
(HA2)44,A,E,-4.8264111760223117e-05
(HA2)44,A,Q,-4.8264111760223117e-05
(HA2)44,A,G,-4.8264111760223117e-05
(HA2)44,A,P,-4.8264111760223117e-05
(HA2)44,A,M,-4.8264111760223117e-05
(HA2)44,A,D,-4.8264111760223117e-05
(HA2)44,A,K,-4.8264111760223117e-05
(HA2)44,A,W,-4.8264111760223117e-05
(HA2)44,A,F,-4.8264111760223117e-05
(HA2)44,A,H,-4.8264111760223117e-05
64,C,I,-4.877989706382004e-05
64,C,M,-4.877989706382004e-05
64,C,K,-4.877989706382004e-05
64,C,T,-4.877989706382004e-05
64,C,D,-4.877989706382004e-05
64,C,N,-4.877989706382004e-05
64,C,P,-4.877989706382004e-05
64,C,V,-4.877989706382004e-05
64,C,E,-4.877989706382004e-05
(HA2)126,L,I,-4.997675327659938e-05
(HA2)126,L,C,-4.997675327659938e-05
(HA2)126,L,H,-4.997675327659938e-05
(HA2)126,L,Y,-4.997675327659938e-05
(HA2)126,L,F,-4.997675327659938e-05
(HA2)126,L,E,-4.997675327659938e-05
(HA2)126,L,K,-4.997675327659938e-05
(HA2)126,L,N,-4.997675327659938e-05
(HA2)126,L,A,-4.997675327659938e-05
(HA2)126,L,D,-4.997675327659938e-05
240,G,I,-5.19499734165683e-05
240,G,T,-5.19499734165683e-05
240,G,M,-5.19499734165683e-05
240,G,W,-5.19499734165683e-05
240,G,A,-5.19499734165683e-05
240,G,L,-5.19499734165683e-05
240,G,P,-5.19499734165683e-05
240,G,Y,-5.19499734165683e-05
240,G,F,-5.19499734165683e-05
272,A,D,-5.287489341338307e-05
272,A,C,-5.287489341338307e-05
272,A,E,-5.287489341338307e-05
272,A,F,-5.287489341338307e-05
272,A,K,-5.287489341338307e-05
272,A,N,-5.287489341338307e-05
272,A,W,-5.287489341338307e-05
272,A,M,-5.287489341338307e-05
272,A,H,-5.287489341338307e-05
(HA2)37,D,W,-5.5975389905218286e-05
(HA2)37,D,P,-5.5975389905218286e-05
(HA2)37,D,F,-5.5975389905218286e-05
(HA2)37,D,M,-5.5975389905218286e-05
(HA2)37,D,K,-5.5975389905218286e-05
(HA2)37,D,T,-5.5975389905218286e-05
124,S,M,-5.634503417746301e-05
124,S,K,-5.634503417746301e-05
(HA2)83,Y,E,-5.6983403333678745e-05
(HA2)83,Y,I,-5.6983403333678745e-05
(HA2)83,Y,W,-5.6983403333678745e-05
(HA2)83,Y,K,-5.6983403333678745e-05
(HA2)83,Y,L,-5.6983403333678745e-05
(HA2)83,Y,Q,-5.6983403333678745e-05
320,M,P,-5.729019647670843e-05
320,M,Y,-5.729019647670843e-05
320,M,Q,-5.729019647670843e-05
320,M,N,-5.729019647670843e-05
320,M,C,-5.729019647670843e-05
320,M,K,-5.729019647670843e-05
320,M,D,-5.729019647670843e-05
320,M,W,-5.729019647670843e-05
320,M,S,-5.729019647670843e-05
320,M,F,-5.729019647670843e-05
320,M,G,-5.729019647670843e-05
286,G,N,-6.002036897758712e-05
286,G,V,-6.002036897758712e-05
286,G,Q,-6.002036897758712e-05
286,G,T,-6.002036897758712e-05
286,G,S,-6.002036897758712e-05
286,G,W,-6.002036897758712e-05
286,G,F,-6.002036897758712e-05
286,G,K,-6.002036897758712e-05
286,G,C,-6.002036897758712e-05
286,G,P,-6.002036897758712e-05
286,G,A,-6.002036897758712e-05
286,G,H,-6.002036897758712e-05
286,G,I,-6.002036897758712e-05
286,G,L,-6.002036897758712e-05
286,G,M,-6.002036897758712e-05
286,G,D,-6.002036897758712e-05
274,I,H,-6.0098634716019767e-05
274,I,K,-6.0098634716019767e-05
274,I,P,-6.0098634716019767e-05
274,I,D,-6.0098634716019767e-05
274,I,Q,-6.0098634716019767e-05
274,I,R,-6.0098634716019767e-05
274,I,S,-6.0098634716019767e-05
274,I,G,-6.0098634716019767e-05
274,I,A,-6.0098634716019767e-05
274,I,W,-6.0098634716019767e-05
274,I,C,-6.0098634716019767e-05
274,I,Y,-6.0098634716019767e-05
274,I,E,-6.0098634716019767e-05
55,P,F,-6.1450045400901e-05
55,P,Y,-6.1450045400901e-05
55,P,Q,-6.1450045400901e-05
55,P,N,-6.1450045400901e-05
55,P,M,-6.1450045400901e-05
55,P,T,-6.1450045400901e-05
55,P,V,-6.1450045400901e-05
55,P,K,-6.1450045400901e-05
55,P,G,-6.1450045400901e-05
55,P,W,-6.1450045400901e-05
55,P,R,-6.1450045400901e-05
55,P,D,-6.1450045400901e-05
55,P,C,-6.1450045400901e-05
55,P,A,-6.1450045400901e-05
3,L,K,-6.336363723618393e-05
3,L,D,-6.336363723618393e-05
174,F,K,-6.437766331820399e-05
174,F,Y,-6.437766331820399e-05
174,F,W,-6.437766331820399e-05
174,F,G,-6.437766331820399e-05
174,F,D,-6.437766331820399e-05
174,F,M,-6.437766331820399e-05
174,F,C,-6.437766331820399e-05
174,F,Q,-6.437766331820399e-05
(HA2)192,A,Q,-6.644532229881556e-05
(HA2)192,A,S,-6.644532229881556e-05
(HA2)192,A,Y,-6.644532229881556e-05
(HA2)192,A,W,-6.644532229881556e-05
(HA2)192,A,R,-6.644532229881556e-05
(HA2)192,A,C,-6.644532229881556e-05
(HA2)192,A,E,-6.644532229881556e-05
(HA2)192,A,F,-6.644532229881556e-05
(HA2)192,A,H,-6.644532229881556e-05
(HA2)192,A,I,-6.644532229881556e-05
(HA2)192,A,K,-6.644532229881556e-05
(HA2)192,A,L,-6.644532229881556e-05
(HA2)192,A,M,-6.644532229881556e-05
(HA2)192,A,N,-6.644532229881556e-05
(HA2)1,G,H,-6.718745263090812e-05
(HA2)1,G,N,-6.718745263090812e-05
(HA2)1,G,Q,-6.718745263090812e-05
(HA2)1,G,I,-6.718745263090812e-05
(HA2)1,G,M,-6.718745263090812e-05
(HA2)1,G,Y,-6.718745263090812e-05
(HA2)1,G,F,-6.718745263090812e-05
(HA2)1,G,K,-6.718745263090812e-05
(HA2)1,G,E,-6.718745263090812e-05
(HA2)16,G,Q,-6.864909478268479e-05
(HA2)16,G,Y,-6.864909478268479e-05
(HA2)16,G,W,-6.864909478268479e-05
(HA2)16,G,N,-6.864909478268479e-05
(HA2)16,G,K,-6.864909478268479e-05
(HA2)16,G,I,-6.864909478268479e-05
(HA2)16,G,C,-6.864909478268479e-05
(HA2)129,N,L,-6.888352940271912e-05
(HA2)129,N,F,-6.888352940271912e-05
(HA2)129,N,E,-6.888352940271912e-05
(HA2)129,N,C,-6.888352940271912e-05
(HA2)132,D,P,-6.98896191656852e-05
(HA2)132,D,M,-6.98896191656852e-05
311,Q,N,-7.043953796709641e-05
311,Q,D,-7.043953796709641e-05
254,P,T,-7.118536472868282e-05
254,P,C,-7.118536472868282e-05
254,P,D,-7.118536472868282e-05
254,P,E,-7.118536472868282e-05
254,P,H,-7.118536472868282e-05
254,P,I,-7.118536472868282e-05
254,P,M,-7.118536472868282e-05
254,P,N,-7.118536472868282e-05
254,P,Q,-7.118536472868282e-05
254,P,V,-7.118536472868282e-05
254,P,W,-7.118536472868282e-05
254,P,Y,-7.118536472868282e-05
(HA2)25,R,F,-7.118935545801528e-05
(HA2)25,R,H,-7.118935545801528e-05
136,S,L,-7.607954359307175e-05
136,S,F,-7.607954359307175e-05
136,S,K,-7.607954359307175e-05
136,S,E,-7.607954359307175e-05
136,S,M,-7.607954359307175e-05
136,S,P,-7.607954359307175e-05
136,S,V,-7.607954359307175e-05
136,S,Y,-7.607954359307175e-05
136,S,D,-7.607954359307175e-05
136,S,C,-7.607954359307175e-05
136,S,H,-7.607954359307175e-05
89,E,T,-7.727614547791023e-05
89,E,H,-7.727614547791023e-05
89,E,C,-7.727614547791023e-05
89,E,A,-7.727614547791023e-05
89,E,M,-7.727614547791023e-05
89,E,N,-7.727614547791023e-05
89,E,P,-7.727614547791023e-05
89,E,Q,-7.727614547791023e-05
89,E,W,-7.727614547791023e-05
89,E,R,-7.727614547791023e-05
89,E,S,-7.727614547791023e-05
89,E,Y,-7.727614547791023e-05
89,E,F,-7.727614547791023e-05
312,N,F,-7.891203555385663e-05
312,N,I,-7.891203555385663e-05
312,N,W,-7.891203555385663e-05
312,N,C,-7.891203555385663e-05
(HA2)210,C,T,-7.919322191227005e-05
(HA2)210,C,Q,-7.919322191227005e-05
(HA2)210,C,D,-7.919322191227005e-05
(HA2)210,C,F,-7.919322191227005e-05
(HA2)210,C,H,-7.919322191227005e-05
(HA2)210,C,I,-7.919322191227005e-05
(HA2)210,C,K,-7.919322191227005e-05
(HA2)210,C,M,-7.919322191227005e-05
(HA2)210,C,P,-7.919322191227005e-05
(HA2)31,G,A,-7.931642956844833e-05
(HA2)31,G,D,-7.931642956844833e-05
(HA2)31,G,H,-7.931642956844833e-05
(HA2)31,G,K,-7.931642956844833e-05
(HA2)31,G,T,-7.931642956844833e-05
(HA2)31,G,S,-7.931642956844833e-05
(HA2)31,G,I,-7.931642956844833e-05
(HA2)31,G,M,-7.931642956844833e-05
(HA2)31,G,Q,-7.931642956844833e-05
(HA2)31,G,W,-7.931642956844833e-05
(HA2)33,G,I,-7.99545640406433e-05
(HA2)33,G,H,-7.99545640406433e-05
(HA2)33,G,Y,-7.99545640406433e-05
(HA2)33,G,C,-7.99545640406433e-05
(HA2)33,G,W,-7.99545640406433e-05
(HA2)33,G,T,-7.99545640406433e-05
(HA2)33,G,Q,-7.99545640406433e-05
(HA2)33,G,P,-7.99545640406433e-05
(HA2)33,G,N,-7.99545640406433e-05
(HA2)33,G,D,-7.99545640406433e-05
(HA2)33,G,M,-7.99545640406433e-05
(HA2)33,G,L,-7.99545640406433e-05
(HA2)40,S,D,-8.08332770604293e-05
(HA2)40,S,W,-8.08332770604293e-05
(HA2)40,S,Q,-8.08332770604293e-05
(HA2)40,S,E,-8.08332770604293e-05
(HA2)40,S,F,-8.08332770604293e-05
(HA2)40,S,H,-8.08332770604293e-05
(HA2)40,S,K,-8.08332770604293e-05
(HA2)40,S,M,-8.08332770604293e-05
236,I,Y,-8.088855021818707e-05
236,I,C,-8.088855021818707e-05
236,I,S,-8.088855021818707e-05
236,I,E,-8.088855021818707e-05
236,I,Q,-8.088855021818707e-05
236,I,F,-8.088855021818707e-05
236,I,P,-8.088855021818707e-05
283,T,C,-8.156103310382479e-05
283,T,Q,-8.156103310382479e-05
283,T,W,-8.156103310382479e-05
283,T,R,-8.156103310382479e-05
283,T,M,-8.156103310382479e-05
283,T,E,-8.156103310382479e-05
283,T,L,-8.156103310382479e-05
283,T,K,-8.156103310382479e-05
283,T,I,-8.156103310382479e-05
283,T,V,-8.156103310382479e-05
283,T,F,-8.156103310382479e-05
283,T,H,-8.156103310382479e-05
297,V,D,-8.183749209591466e-05
297,V,N,-8.183749209591466e-05
297,V,M,-8.183749209591466e-05
297,V,Y,-8.183749209591466e-05
297,V,F,-8.183749209591466e-05
297,V,H,-8.183749209591466e-05
126,N,Y,-8.186126460597402e-05
126,N,R,-8.186126460597402e-05
126,N,M,-8.186126460597402e-05
126,N,F,-8.186126460597402e-05
126,N,C,-8.186126460597402e-05
126,N,A,-8.186126460597402e-05
(HA2)84,V,R,-8.525264306288117e-05
(HA2)84,V,E,-8.525264306288117e-05
(HA2)84,V,H,-8.525264306288117e-05
(HA2)84,V,M,-8.525264306288117e-05
(HA2)84,V,N,-8.525264306288117e-05
(HA2)84,V,K,-8.525264306288117e-05
(HA2)84,V,Y,-8.525264306288117e-05
(HA2)84,V,W,-8.525264306288117e-05
(HA2)84,V,S,-8.525264306288117e-05
38,N,C,-8.725262160602488e-05
38,N,I,-8.725262160602488e-05
38,N,P,-8.725262160602488e-05
(HA2)189,I,R,-8.767276466654209e-05
(HA2)189,I,Y,-8.767276466654209e-05
(HA2)189,I,W,-8.767276466654209e-05
(HA2)189,I,Q,-8.767276466654209e-05
(HA2)189,I,D,-8.767276466654209e-05
(HA2)189,I,L,-8.767276466654209e-05
(HA2)189,I,H,-8.767276466654209e-05
(HA2)189,I,A,-8.767276466654209e-05
(HA2)189,I,E,-8.767276466654209e-05
(HA2)189,I,P,-8.767276466654209e-05
112,V,R,-9.33972734214888e-05
112,V,Q,-9.33972734214888e-05
112,V,P,-9.33972734214888e-05
112,V,M,-9.33972734214888e-05
112,V,K,-9.33972734214888e-05
112,V,H,-9.33972734214888e-05
112,V,W,-9.33972734214888e-05
112,V,E,-9.33972734214888e-05
112,V,C,-9.33972734214888e-05
112,V,Y,-9.33972734214888e-05
112,V,T,-9.33972734214888e-05
112,V,S,-9.33972734214888e-05
141,R,C,-9.339818977755527e-05
141,R,P,-9.339818977755527e-05
141,R,Q,-9.339818977755527e-05
141,R,F,-9.339818977755527e-05
141,R,N,-9.339818977755527e-05
141,R,E,-9.339818977755527e-05
141,R,I,-9.339818977755527e-05
141,R,H,-9.339818977755527e-05
141,R,D,-9.339818977755527e-05
141,R,T,-9.339818977755527e-05
141,R,A,-9.339818977755527e-05
141,R,W,-9.339818977755527e-05
(HA2)67,E,C,-9.471637200335822e-05
(HA2)67,E,L,-9.471637200335822e-05
(HA2)67,E,Y,-9.471637200335822e-05
(HA2)67,E,V,-9.471637200335822e-05
(HA2)67,E,T,-9.471637200335822e-05
(HA2)67,E,S,-9.471637200335822e-05
(HA2)67,E,H,-9.471637200335822e-05
(HA2)67,E,Q,-9.471637200335822e-05
(HA2)67,E,M,-9.471637200335822e-05
(HA2)67,E,W,-9.471637200335822e-05
131,T,F,-9.543865376016057e-05
131,T,R,-9.543865376016057e-05
131,T,C,-9.543865376016057e-05
131,T,Q,-9.543865376016057e-05
131,T,H,-9.543865376016057e-05
131,T,L,-9.543865376016057e-05
131,T,M,-9.543865376016057e-05
131,T,W,-9.543865376016057e-05
147,F,G,-9.573213817374925e-05
147,F,M,-9.573213817374925e-05
147,F,Q,-9.573213817374925e-05
147,F,D,-9.573213817374925e-05
147,F,E,-9.573213817374925e-05
147,F,H,-9.573213817374925e-05
147,F,W,-9.573213817374925e-05
147,F,C,-9.573213817374925e-05
147,F,R,-9.573213817374925e-05
11,A,D,-9.721470559015562e-05
11,A,Y,-9.721470559015562e-05
11,A,K,-9.721470559015562e-05
11,A,L,-9.721470559015562e-05
11,A,I,-9.721470559015562e-05
11,A,M,-9.721470559015562e-05
11,A,H,-9.721470559015562e-05
11,A,C,-9.721470559015562e-05
11,A,N,-9.721470559015562e-05
11,A,F,-9.721470559015562e-05
11,A,E,-9.721470559015562e-05
(HA2)64,H,F,-9.964398108076401e-05
(HA2)64,H,E,-9.964398108076401e-05
(HA2)64,H,T,-9.964398108076401e-05
(HA2)64,H,W,-9.964398108076401e-05
172,E,W,-9.989771494997671e-05
172,E,Y,-9.989771494997671e-05
172,E,F,-9.989771494997671e-05
172,E,L,-9.989771494997671e-05
172,E,C,-9.989771494997671e-05
172,E,V,-9.989771494997671e-05
172,E,P,-9.989771494997671e-05
172,E,I,-9.989771494997671e-05
172,E,Q,-9.989771494997671e-05
172,E,H,-9.989771494997671e-05
172,E,M,-9.989771494997671e-05
172,E,T,-9.989771494997671e-05
211,Q,Y,-0.00010007374251880247
211,Q,I,-0.00010007374251880247
211,Q,D,-0.00010007374251880247
211,Q,G,-0.00010007374251880247
211,Q,F,-0.00010007374251880247
211,Q,M,-0.00010007374251880247
211,Q,E,-0.00010007374251880247
211,Q,W,-0.00010007374251880247
175,D,Y,-0.00010012188401514234
175,D,H,-0.00010012188401514234
175,D,W,-0.00010012188401514234
175,D,M,-0.00010012188401514234
175,D,R,-0.00010012188401514234
175,D,I,-0.00010012188401514234
175,D,T,-0.00010012188401514234
175,D,K,-0.00010012188401514234
175,D,Q,-0.00010012188401514234
175,D,C,-0.00010012188401514234
175,D,F,-0.00010012188401514234
293,P,W,-0.00010140753558685523
293,P,E,-0.00010140753558685523
293,P,H,-0.00010140753558685523
293,P,K,-0.00010140753558685523
293,P,Q,-0.00010140753558685523
293,P,Y,-0.00010140753558685523
293,P,D,-0.00010140753558685523
293,P,F,-0.00010140753558685523
293,P,C,-0.00010140753558685523
(HA2)94,Y,K,-0.00010262922814057637
(HA2)94,Y,T,-0.00010262922814057637
(HA2)94,Y,P,-0.00010262922814057637
(HA2)94,Y,M,-0.00010262922814057637
(HA2)94,Y,L,-0.00010262922814057637
(HA2)94,Y,W,-0.00010262922814057637
(HA2)94,Y,I,-0.00010262922814057637
(HA2)94,Y,G,-0.00010262922814057637
15,L,M,-0.00010682622478922282
15,L,G,-0.00010682622478922282
15,L,K,-0.00010682622478922282
15,L,H,-0.00010682622478922282
15,L,C,-0.00010682622478922282
15,L,Y,-0.00010682622478922282
15,L,E,-0.00010682622478922282
15,L,W,-0.00010682622478922282
15,L,Q,-0.00010682622478922282
15,L,D,-0.00010682622478922282
204,V,W,-0.0001101896538555974
204,V,C,-0.0001101896538555974
204,V,M,-0.0001101896538555974
204,V,K,-0.0001101896538555974
204,V,T,-0.0001101896538555974
204,V,S,-0.0001101896538555974
204,V,P,-0.0001101896538555974
(HA2)103,E,A,-0.00011260629546087343
(HA2)103,E,C,-0.00011260629546087343
(HA2)103,E,D,-0.00011260629546087343
(HA2)103,E,I,-0.00011260629546087343
(HA2)103,E,T,-0.00011260629546087343
(HA2)103,E,W,-0.00011260629546087343
(HA2)103,E,N,-0.00011260629546087343
(HA2)103,E,Q,-0.00011260629546087343
(HA2)103,E,P,-0.00011260629546087343
(HA2)103,E,M,-0.00011260629546087343
(HA2)103,E,Y,-0.00011260629546087343
(HA2)109,D,C,-0.00011575599186047746
(HA2)109,D,K,-0.00011575599186047746
(HA2)109,D,T,-0.00011575599186047746
313,T,V,-0.00011590458913969464
313,T,W,-0.00011590458913969464
313,T,Y,-0.00011590458913969464
313,T,C,-0.00011590458913969464
313,T,K,-0.00011590458913969464
313,T,D,-0.00011590458913969464
322,N,C,-0.00011646239645952281
322,N,V,-0.00011646239645952281
322,N,Q,-0.00011646239645952281
322,N,P,-0.00011646239645952281
322,N,E,-0.00011646239645952281
322,N,M,-0.00011646239645952281
322,N,G,-0.00011646239645952281
322,N,F,-0.00011646239645952281
322,N,W,-0.00011646239645952281
115,S,W,-0.00011800509104246589
115,S,H,-0.00011800509104246589
115,S,R,-0.00011800509104246589
115,S,Q,-0.00011800509104246589
115,S,N,-0.00011800509104246589
115,S,D,-0.00011800509104246589
115,S,E,-0.00011800509104246589
115,S,M,-0.00011800509104246589
115,S,K,-0.00011800509104246589
103,P,M,-0.00011805874431268064
304,A,W,-0.00012126470212947146
231,S,P,-0.0001228440537710363
231,S,Y,-0.0001228440537710363
231,S,F,-0.0001228440537710363
231,S,M,-0.0001228440537710363
231,S,W,-0.0001228440537710363
(HA2)162,Y,T,-0.00012295958444897743
(HA2)162,Y,E,-0.00012295958444897743
(HA2)162,Y,Q,-0.00012295958444897743
(HA2)162,Y,P,-0.00012295958444897743
(HA2)162,Y,A,-0.00012295958444897743
(HA2)162,Y,D,-0.00012295958444897743
(HA2)162,Y,M,-0.00012295958444897743
(HA2)162,Y,L,-0.00012295958444897743
(HA2)162,Y,K,-0.00012295958444897743
(HA2)162,Y,I,-0.00012295958444897743
155,T,V,-0.0001231766350337316
155,T,D,-0.0001231766350337316
155,T,Q,-0.0001231766350337316
155,T,C,-0.0001231766350337316
155,T,E,-0.0001231766350337316
155,T,G,-0.0001231766350337316
155,T,M,-0.0001231766350337316
155,T,W,-0.0001231766350337316
155,T,F,-0.0001231766350337316
155,T,Y,-0.0001231766350337316
155,T,K,-0.0001231766350337316
319,G,H,-0.00012569453133514898
319,G,Y,-0.00012569453133514898
319,G,V,-0.00012569453133514898
319,G,T,-0.00012569453133514898
319,G,Q,-0.00012569453133514898
319,G,K,-0.00012569453133514898
319,G,C,-0.00012569453133514898
319,G,M,-0.00012569453133514898
319,G,N,-0.00012569453133514898
319,G,I,-0.00012569453133514898
319,G,L,-0.00012569453133514898
257,Y,P,-0.00012591027977863864
257,Y,M,-0.00012591027977863864
257,Y,Q,-0.00012591027977863864
257,Y,E,-0.00012591027977863864
257,Y,N,-0.00012591027977863864
257,Y,K,-0.00012591027977863864
257,Y,L,-0.00012591027977863864
306,P,E,-0.00012606809990527902
306,P,F,-0.00012606809990527902
306,P,I,-0.00012606809990527902
306,P,M,-0.00012606809990527902
306,P,N,-0.00012606809990527902
306,P,W,-0.00012606809990527902
306,P,D,-0.00012606809990527902
30,T,C,-0.00012944973746584502
30,T,Y,-0.00012944973746584502
30,T,E,-0.00012944973746584502
85,D,C,-0.00012976958710080822
85,D,P,-0.00012976958710080822
85,D,F,-0.00012976958710080822
85,D,H,-0.00012976958710080822
85,D,L,-0.00012976958710080822
85,D,I,-0.00012976958710080822
85,D,M,-0.00012976958710080822
85,D,R,-0.00012976958710080822
85,D,T,-0.00012976958710080822
85,D,K,-0.00012976958710080822
85,D,W,-0.00012976958710080822
(HA2)111,T,G,-0.0001352469648805759
(HA2)111,T,Y,-0.0001352469648805759
(HA2)111,T,H,-0.0001352469648805759
(HA2)111,T,F,-0.0001352469648805759
(HA2)111,T,R,-0.0001352469648805759
(HA2)111,T,Q,-0.0001352469648805759
(HA2)111,T,E,-0.0001352469648805759
(HA2)111,T,D,-0.0001352469648805759
(HA2)111,T,K,-0.0001352469648805759
(HA2)69,E,P,-0.00013539071174183953
(HA2)69,E,Y,-0.00013539071174183953
(HA2)69,E,M,-0.00013539071174183953
(HA2)69,E,L,-0.00013539071174183953
(HA2)69,E,F,-0.00013539071174183953
238,K,G,-0.00013560348821393942
238,K,Q,-0.00013560348821393942
238,K,F,-0.00013560348821393942
238,K,W,-0.00013560348821393942
238,K,Y,-0.00013560348821393942
238,K,D,-0.00013560348821393942
238,K,C,-0.00013560348821393942
238,K,M,-0.00013560348821393942
212,I,Y,-0.00013593524517902815
212,I,F,-0.00013593524517902815
212,I,M,-0.00013593524517902815
212,I,W,-0.00013593524517902815
-11,A,W,-0.00013668765682534374
-11,A,D,-0.00013668765682534374
-11,A,R,-0.00013668765682534374
-11,A,Q,-0.00013668765682534374
-11,A,N,-0.00013668765682534374
-11,A,M,-0.00013668765682534374
-11,A,E,-0.00013668765682534374
-11,A,F,-0.00013668765682534374
-11,A,K,-0.00013668765682534374
-11,A,I,-0.00013668765682534374
(HA2)175,G,N,-0.000137349174346558
(HA2)175,G,Y,-0.000137349174346558
(HA2)175,G,W,-0.000137349174346558
(HA2)175,G,Q,-0.000137349174346558
(HA2)175,G,P,-0.000137349174346558
(HA2)175,G,S,-0.000137349174346558
(HA2)175,G,M,-0.000137349174346558
(HA2)175,G,I,-0.000137349174346558
(HA2)175,G,H,-0.000137349174346558
(HA2)175,G,F,-0.000137349174346558
(HA2)175,G,D,-0.000137349174346558
(HA2)175,G,C,-0.000137349174346558
(HA2)175,G,L,-0.000137349174346558
202,I,W,-0.0001397936901606931
202,I,R,-0.0001397936901606931
202,I,Y,-0.0001397936901606931
202,I,A,-0.0001397936901606931
202,I,C,-0.0001397936901606931
202,I,K,-0.0001397936901606931
202,I,D,-0.0001397936901606931
202,I,M,-0.0001397936901606931
202,I,E,-0.0001397936901606931
202,I,F,-0.0001397936901606931
202,I,G,-0.0001397936901606931
202,I,H,-0.0001397936901606931
(HA2)220,C,A,-0.00014177007312893465
(HA2)220,C,D,-0.00014177007312893465
(HA2)220,C,E,-0.00014177007312893465
(HA2)220,C,K,-0.00014177007312893465
(HA2)220,C,H,-0.00014177007312893465
(HA2)220,C,G,-0.00014177007312893465
(HA2)220,C,F,-0.00014177007312893465
(HA2)220,C,N,-0.00014177007312893465
(HA2)220,C,Q,-0.00014177007312893465
119,E,W,-0.00014244522616077248
119,E,C,-0.00014244522616077248
119,E,F,-0.00014244522616077248
119,E,H,-0.00014244522616077248
119,E,L,-0.00014244522616077248
119,E,M,-0.00014244522616077248
119,E,N,-0.00014244522616077248
119,E,P,-0.00014244522616077248
119,E,Q,-0.00014244522616077248
119,E,T,-0.00014244522616077248
290,N,E,-0.00014254796036122092
290,N,P,-0.00014254796036122092
290,N,W,-0.00014254796036122092
290,N,I,-0.00014254796036122092
290,N,M,-0.00014254796036122092
247,S,K,-0.00014467212696963304
247,S,M,-0.00014467212696963304
247,S,P,-0.00014467212696963304
247,S,Q,-0.00014467212696963304
247,S,I,-0.00014467212696963304
247,S,W,-0.00014467212696963304
65,T,H,-0.00014590923907285025
65,T,E,-0.00014590923907285025
65,T,Y,-0.00014590923907285025
65,T,C,-0.00014590923907285025
65,T,F,-0.00014590923907285025
65,T,W,-0.00014590923907285025
65,T,V,-0.00014590923907285025
65,T,R,-0.00014590923907285025
65,T,Q,-0.00014590923907285025
65,T,D,-0.00014590923907285025
65,T,M,-0.00014590923907285025
65,T,G,-0.00014590923907285025
65,T,L,-0.00014590923907285025
65,T,N,-0.00014590923907285025
134,G,Y,-0.00014880706636112294
134,G,P,-0.00014880706636112294
134,G,W,-0.00014880706636112294
134,G,T,-0.00014880706636112294
134,G,N,-0.00014880706636112294
134,G,M,-0.00014880706636112294
134,G,K,-0.00014880706636112294
134,G,H,-0.00014880706636112294
134,G,F,-0.00014880706636112294
134,G,C,-0.00014880706636112294
(HA2)22,Y,T,-0.00014948927936891696
(HA2)22,Y,K,-0.00014948927936891696
(HA2)22,Y,V,-0.00014948927936891696
(HA2)22,Y,R,-0.00014948927936891696
(HA2)22,Y,N,-0.00014948927936891696
(HA2)22,Y,M,-0.00014948927936891696
(HA2)22,Y,A,-0.00014948927936891696
(HA2)22,Y,G,-0.00014948927936891696
(HA2)22,Y,D,-0.00014948927936891696
(HA2)22,Y,E,-0.00014948927936891696
(HA2)22,Y,W,-0.00014948927936891696
265,S,M,-0.00015086085376142175
265,S,H,-0.00015086085376142175
265,S,F,-0.00015086085376142175
265,S,E,-0.00015086085376142175
265,S,I,-0.00015086085376142175
265,S,K,-0.00015086085376142175
265,S,L,-0.00015086085376142175
265,S,D,-0.00015086085376142175
265,S,W,-0.00015086085376142175
265,S,T,-0.00015086085376142175
265,S,Q,-0.00015086085376142175
265,S,Y,-0.00015086085376142175
265,S,P,-0.00015086085376142175
139,C,K,-0.00015210761513144585
139,C,D,-0.00015210761513144585
139,C,E,-0.00015210761513144585
139,C,H,-0.00015210761513144585
139,C,L,-0.00015210761513144585
139,C,M,-0.00015210761513144585
139,C,V,-0.00015210761513144585
117,T,M,-0.00015214769720378228
117,T,Q,-0.00015214769720378228
117,T,L,-0.00015214769720378228
117,T,F,-0.00015214769720378228
117,T,C,-0.00015214769720378228
117,T,D,-0.00015214769720378228
117,T,W,-0.00015214769720378228
117,T,E,-0.00015214769720378228
88,V,C,-0.0001541959099775929
88,V,Y,-0.0001541959099775929
88,V,S,-0.0001541959099775929
88,V,R,-0.0001541959099775929
88,V,Q,-0.0001541959099775929
88,V,M,-0.0001541959099775929
88,V,K,-0.0001541959099775929
88,V,D,-0.0001541959099775929
(HA2)23,G,E,-0.00016564077418639245
(HA2)23,G,H,-0.00016564077418639245
(HA2)23,G,K,-0.00016564077418639245
(HA2)23,G,N,-0.00016564077418639245
(HA2)23,G,Y,-0.00016564077418639245
(HA2)60,N,Y,-0.0001694529401367932
(HA2)60,N,R,-0.0001694529401367932
(HA2)60,N,V,-0.0001694529401367932
(HA2)60,N,Q,-0.0001694529401367932
(HA2)60,N,M,-0.0001694529401367932
(HA2)60,N,F,-0.0001694529401367932
(HA2)60,N,W,-0.0001694529401367932
-9,S,W,-0.00017184198339545456
-9,S,E,-0.00017184198339545456
-9,S,K,-0.00017184198339545456
-9,S,M,-0.00017184198339545456
-9,S,Q,-0.00017184198339545456
-9,S,V,-0.00017184198339545456
(HA2)107,T,H,-0.00017807842427956932
(HA2)107,T,Y,-0.00017807842427956932
(HA2)107,T,F,-0.00017807842427956932
(HA2)107,T,C,-0.00017807842427956932
(HA2)107,T,Q,-0.00017807842427956932
20,V,M,-0.00018225227282404332
20,V,K,-0.00018225227282404332
20,V,W,-0.00018225227282404332
20,V,S,-0.00018225227282404332
20,V,H,-0.00018225227282404332
20,V,N,-0.00018225227282404332
20,V,G,-0.00018225227282404332
20,V,E,-0.00018225227282404332
20,V,D,-0.00018225227282404332
20,V,Q,-0.00018225227282404332
239,P,N,-0.0001825506867562291
239,P,C,-0.0001825506867562291
239,P,E,-0.0001825506867562291
239,P,Y,-0.0001825506867562291
239,P,I,-0.0001825506867562291
239,P,G,-0.0001825506867562291
239,P,W,-0.0001825506867562291
239,P,K,-0.0001825506867562291
239,P,M,-0.0001825506867562291
279,S,D,-0.00018343116048178787
279,S,G,-0.00018343116048178787
279,S,M,-0.00018343116048178787
95,S,M,-0.00018712856416102126
95,S,K,-0.00018712856416102126
95,S,Y,-0.00018712856416102126
95,S,W,-0.00018712856416102126
95,S,H,-0.00018712856416102126
95,S,Q,-0.00018712856416102126
95,S,V,-0.00018712856416102126
95,S,D,-0.00018712856416102126
325,E,I,-0.00018836660983938787
325,E,V,-0.00018836660983938787
325,E,M,-0.00018836660983938787
302,Y,Q,-0.0001894636383779188
302,Y,M,-0.0001894636383779188
302,Y,K,-0.0001894636383779188
302,Y,I,-0.0001894636383779188
242,I,W,-0.00019185572212309027
242,I,P,-0.00019185572212309027
242,I,H,-0.00019185572212309027
(HA2)57,G,K,-0.0001921161002404634
(HA2)57,G,F,-0.0001921161002404634
(HA2)119,F,E,-0.00019277412371494933
(HA2)119,F,H,-0.00019277412371494933
(HA2)119,F,K,-0.00019277412371494933
(HA2)119,F,M,-0.00019277412371494933
(HA2)119,F,N,-0.00019277412371494933
(HA2)119,F,Q,-0.00019277412371494933
(HA2)119,F,D,-0.00019277412371494933
270,S,D,-0.00019795505597685492
270,S,W,-0.00019795505597685492
270,S,K,-0.00019795505597685492
270,S,E,-0.00019795505597685492
270,S,A,-0.00019795505597685492
270,S,V,-0.00019795505597685492
270,S,Y,-0.00019795505597685492
270,S,H,-0.00019795505597685492
270,S,N,-0.00019795505597685492
270,S,M,-0.00019795505597685492
270,S,F,-0.00019795505597685492
68,D,M,-0.00019847180463359007
68,D,P,-0.00019847180463359007
68,D,R,-0.00019847180463359007
68,D,H,-0.00019847180463359007
68,D,Q,-0.00019847180463359007
68,D,C,-0.00019847180463359007
68,D,L,-0.00019847180463359007
68,D,K,-0.00019847180463359007
292,K,M,-0.00019993046356500967
292,K,H,-0.00019993046356500967
292,K,D,-0.00019993046356500967
292,K,Y,-0.00019993046356500967
292,K,F,-0.00019993046356500967
292,K,W,-0.00019993046356500967
292,K,S,-0.00019993046356500967
19,A,Q,-0.00020625857781136024
19,A,C,-0.00020625857781136024
19,A,D,-0.00020625857781136024
19,A,W,-0.00020625857781136024
19,A,E,-0.00020625857781136024
19,A,M,-0.00020625857781136024
19,A,L,-0.00020625857781136024
19,A,R,-0.00020625857781136024
19,A,I,-0.00020625857781136024
19,A,F,-0.00020625857781136024
19,A,H,-0.00020625857781136024
123,E,M,-0.00020802905701425517
123,E,L,-0.00020802905701425517
123,E,W,-0.00020802905701425517
123,E,Q,-0.00020802905701425517
123,E,N,-0.00020802905701425517
123,E,F,-0.00020802905701425517
123,E,C,-0.00020802905701425517
123,E,I,-0.00020802905701425517
123,E,H,-0.00020802905701425517
123,E,A,-0.00020802905701425517
(HA2)138,F,C,-0.00020838383852115323
(HA2)138,F,M,-0.00020838383852115323
303,G,C,-0.00020992912705862155
303,G,F,-0.00020992912705862155
303,G,H,-0.00020992912705862155
303,G,I,-0.00020992912705862155
303,G,V,-0.00020992912705862155
303,G,K,-0.00020992912705862155
303,G,M,-0.00020992912705862155
303,G,N,-0.00020992912705862155
303,G,Q,-0.00020992912705862155
303,G,T,-0.00020992912705862155
47,S,K,-0.00021013841123987347
47,S,Y,-0.00021013841123987347
47,S,M,-0.00021013841123987347
47,S,W,-0.00021013841123987347
47,S,C,-0.00021013841123987347
111,L,S,-0.00021318781742751447
111,L,T,-0.00021318781742751447
111,L,N,-0.00021318781742751447
111,L,W,-0.00021318781742751447
111,L,G,-0.00021318781742751447
111,L,Y,-0.00021318781742751447
111,L,E,-0.00021318781742751447
111,L,D,-0.00021318781742751447
111,L,C,-0.00021318781742751447
111,L,A,-0.00021318781742751447
(HA2)14,W,N,-0.00021581728325742444
(HA2)14,W,A,-0.00021581728325742444
(HA2)14,W,G,-0.00021581728325742444
(HA2)14,W,V,-0.00021581728325742444
(HA2)14,W,Q,-0.00021581728325742444
(HA2)14,W,M,-0.00021581728325742444
(HA2)14,W,K,-0.00021581728325742444
271,D,Q,-0.00021587807450538455
271,D,T,-0.00021587807450538455
271,D,W,-0.00021587807450538455
271,D,L,-0.00021587807450538455
271,D,Y,-0.00021587807450538455
271,D,M,-0.00021587807450538455
271,D,P,-0.00021587807450538455
271,D,F,-0.00021587807450538455
271,D,C,-0.00021587807450538455
271,D,I,-0.00021587807450538455
(HA2)13,G,M,-0.00021801007992261695
(HA2)13,G,N,-0.00021801007992261695
(HA2)13,G,P,-0.00021801007992261695
(HA2)13,G,Y,-0.00021801007992261695
(HA2)13,G,H,-0.00021801007992261695
(HA2)13,G,E,-0.00021801007992261695
(HA2)123,K,D,-0.00021805152272414704
(HA2)123,K,H,-0.00021805152272414704
(HA2)123,K,V,-0.00021805152272414704
(HA2)123,K,Y,-0.00021805152272414704
(HA2)123,K,W,-0.00021805152272414704
(HA2)123,K,F,-0.00021805152272414704
(HA2)123,K,I,-0.00021805152272414704
(HA2)123,K,M,-0.00021805152272414704
(HA2)123,K,A,-0.00021805152272414704
(HA2)123,K,C,-0.00021805152272414704
(HA2)123,K,P,-0.00021805152272414704
127,W,M,-0.00021955257742353696
127,W,K,-0.00021955257742353696
127,W,H,-0.00021955257742353696
127,W,I,-0.00021955257742353696
127,W,E,-0.00021955257742353696
127,W,N,-0.00021955257742353696
(HA2)110,L,N,-0.0002198172039756404
(HA2)110,L,E,-0.0002198172039756404
(HA2)110,L,K,-0.0002198172039756404
(HA2)110,L,D,-0.0002198172039756404
(HA2)110,L,H,-0.0002198172039756404
309,V,M,-0.00022109943627168826
309,V,H,-0.00022109943627168826
309,V,N,-0.00022109943627168826
309,V,E,-0.00022109943627168826
309,V,P,-0.00022109943627168826
309,V,K,-0.00022109943627168826
309,V,Q,-0.00022109943627168826
309,V,R,-0.00022109943627168826
309,V,W,-0.00022109943627168826
309,V,Y,-0.00022109943627168826
309,V,D,-0.00022109943627168826
309,V,C,-0.00022109943627168826
70,L,A,-0.00022376412181056407
70,L,C,-0.00022376412181056407
70,L,Y,-0.00022376412181056407
70,L,W,-0.00022376412181056407
70,L,K,-0.00022376412181056407
70,L,E,-0.00022376412181056407
70,L,F,-0.00022376412181056407
70,L,G,-0.00022376412181056407
40,T,E,-0.00022595427646384232
40,T,F,-0.00022595427646384232
40,T,W,-0.00022595427646384232
40,T,M,-0.00022595427646384232
40,T,D,-0.00022595427646384232
40,T,H,-0.00022595427646384232
40,T,K,-0.00022595427646384232
40,T,G,-0.00022595427646384232
67,I,A,-0.00022643776583045576
67,I,C,-0.00022643776583045576
67,I,F,-0.00022643776583045576
67,I,H,-0.00022643776583045576
67,I,E,-0.00022643776583045576
67,I,K,-0.00022643776583045576
67,I,D,-0.00022643776583045576
67,I,P,-0.00022643776583045576
67,I,Q,-0.00022643776583045576
170,N,M,-0.0002265202266792714
170,N,C,-0.0002265202266792714
170,N,Y,-0.0002265202266792714
170,N,V,-0.0002265202266792714
170,N,A,-0.0002265202266792714
170,N,Q,-0.0002265202266792714
170,N,I,-0.0002265202266792714
170,N,E,-0.0002265202266792714
170,N,F,-0.0002265202266792714
170,N,W,-0.0002265202266792714
267,I,H,-0.00022978449469463784
267,I,N,-0.00022978449469463784
267,I,P,-0.00022978449469463784
267,I,Q,-0.00022978449469463784
267,I,Y,-0.00022978449469463784
267,I,F,-0.00022978449469463784
267,I,G,-0.00022978449469463784
267,I,W,-0.00022978449469463784
(HA2)121,K,P,-0.00023183618632745362
(HA2)121,K,W,-0.00023183618632745362
294,F,P,-0.00023448551722038928
294,F,M,-0.00023448551722038928
294,F,Q,-0.00023448551722038928
294,F,N,-0.00023448551722038928
294,F,H,-0.00023448551722038928
294,F,R,-0.00023448551722038928
294,F,A,-0.00023448551722038928
37,T,H,-0.0002345932746840946
37,T,Q,-0.0002345932746840946
37,T,W,-0.0002345932746840946
37,T,D,-0.0002345932746840946
37,T,E,-0.0002345932746840946
130,V,K,-0.00023635080488090818
130,V,Q,-0.00023635080488090818
130,V,P,-0.00023635080488090818
130,V,S,-0.00023635080488090818
130,V,C,-0.00023635080488090818
130,V,E,-0.00023635080488090818
130,V,H,-0.00023635080488090818
130,V,G,-0.00023635080488090818
130,V,D,-0.00023635080488090818
130,V,W,-0.00023635080488090818
130,V,M,-0.00023635080488090818
180,W,V,-0.0002365703151174512
180,W,C,-0.0002365703151174512
180,W,Y,-0.0002365703151174512
180,W,K,-0.0002365703151174512
180,W,T,-0.0002365703151174512
180,W,Q,-0.0002365703151174512
180,W,H,-0.0002365703151174512
180,W,F,-0.0002365703151174512
260,I,N,-0.00023787854550893846
260,I,S,-0.00023787854550893846
260,I,Q,-0.00023787854550893846
260,I,C,-0.00023787854550893846
260,I,D,-0.00023787854550893846
260,I,E,-0.00023787854550893846
269,R,Q,-0.00023825121036933017
269,R,P,-0.00023825121036933017
269,R,D,-0.00023825121036933017
269,R,W,-0.00023825121036933017
269,R,F,-0.00023825121036933017
61,G,S,-0.00024144886305319806
61,G,I,-0.00024144886305319806
61,G,K,-0.00024144886305319806
61,G,F,-0.00024144886305319806
61,G,D,-0.00024144886305319806
61,G,L,-0.00024144886305319806
61,G,M,-0.00024144886305319806
61,G,W,-0.00024144886305319806
61,G,V,-0.00024144886305319806
61,G,P,-0.00024144886305319806
61,G,H,-0.00024144886305319806
61,G,C,-0.00024144886305319806
61,G,Q,-0.00024144886305319806
61,G,A,-0.00024144886305319806
232,I,Q,-0.0002445381059902247
232,I,D,-0.0002445381059902247
232,I,M,-0.0002445381059902247
232,I,C,-0.0002445381059902247
232,I,E,-0.0002445381059902247
232,I,K,-0.0002445381059902247
232,I,Y,-0.0002445381059902247
232,I,W,-0.0002445381059902247
232,I,G,-0.0002445381059902247
36,V,E,-0.00024555400226548824
36,V,Y,-0.00024555400226548824
36,V,W,-0.00024555400226548824
36,V,Q,-0.00024555400226548824
36,V,K,-0.00024555400226548824
36,V,H,-0.00024555400226548824
36,V,G,-0.00024555400226548824
253,A,Y,-0.0002503205472055865
253,A,E,-0.0002503205472055865
253,A,P,-0.0002503205472055865
253,A,M,-0.0002503205472055865
253,A,K,-0.0002503205472055865
122,N,C,-0.00025126237412250715
122,N,M,-0.00025126237412250715
102,V,F,-0.0002534772087816643
102,V,W,-0.0002534772087816643
102,V,Q,-0.0002534772087816643
102,V,H,-0.0002534772087816643
102,V,C,-0.0002534772087816643
102,V,K,-0.0002534772087816643
102,V,E,-0.0002534772087816643
102,V,R,-0.0002534772087816643
102,V,S,-0.0002534772087816643
307,R,M,-0.000253991999200539
307,R,C,-0.000253991999200539
301,T,E,-0.00025628757105075866
301,T,Q,-0.00025628757105075866
301,T,C,-0.00025628757105075866
301,T,G,-0.00025628757105075866
234,W,D,-0.00025944514562893965
234,W,S,-0.00025944514562893965
234,W,N,-0.00025944514562893965
234,W,P,-0.00025944514562893965
234,W,E,-0.00025944514562893965
234,W,K,-0.00025944514562893965
234,W,T,-0.00025944514562893965
148,F,K,-0.0002654677000906198
148,F,M,-0.0002654677000906198
148,F,R,-0.0002654677000906198
148,F,T,-0.0002654677000906198
148,F,W,-0.0002654677000906198
148,F,I,-0.0002654677000906198
148,F,H,-0.0002654677000906198
148,F,G,-0.0002654677000906198
148,F,E,-0.0002654677000906198
(HA2)105,Q,F,-0.0002667654078645991
(HA2)105,Q,Y,-0.0002667654078645991
(HA2)105,Q,W,-0.0002667654078645991
(HA2)105,Q,N,-0.0002667654078645991
(HA2)105,Q,I,-0.0002667654078645991
(HA2)105,Q,A,-0.0002667654078645991
(HA2)105,Q,C,-0.0002667654078645991
(HA2)105,Q,D,-0.0002667654078645991
(HA2)45,I,N,-0.0002681266170505706
(HA2)45,I,P,-0.0002681266170505706
(HA2)45,I,D,-0.0002681266170505706
(HA2)11,E,Y,-0.0002706334587461481
(HA2)11,E,F,-0.0002706334587461481
(HA2)11,E,M,-0.0002706334587461481
(HA2)11,E,N,-0.0002706334587461481
(HA2)11,E,C,-0.0002706334587461481
(HA2)11,E,P,-0.0002706334587461481
(HA2)11,E,T,-0.0002706334587461481
150,R,Y,-0.000274154590752325
150,R,T,-0.000274154590752325
150,R,Q,-0.000274154590752325
150,R,P,-0.000274154590752325
150,R,W,-0.000274154590752325
150,R,V,-0.000274154590752325
150,R,D,-0.000274154590752325
150,R,A,-0.000274154590752325
150,R,M,-0.000274154590752325
150,R,F,-0.000274154590752325
150,R,L,-0.000274154590752325
150,R,E,-0.000274154590752325
150,R,N,-0.000274154590752325
150,R,C,-0.000274154590752325
(HA2)56,I,Q,-0.0002781126523295921
(HA2)56,I,H,-0.0002781126523295921
(HA2)56,I,K,-0.0002781126523295921
(HA2)56,I,C,-0.0002781126523295921
93,A,M,-0.00028228410733678074
93,A,D,-0.00028228410733678074
93,A,Q,-0.00028228410733678074
93,A,P,-0.00028228410733678074
93,A,E,-0.00028228410733678074
93,A,Y,-0.00028228410733678074
93,A,K,-0.00028228410733678074
93,A,F,-0.00028228410733678074
93,A,N,-0.00028228410733678074
93,A,W,-0.00028228410733678074
93,A,C,-0.00028228410733678074
317,A,I,-0.00028506555658859215
317,A,W,-0.00028506555658859215
317,A,S,-0.00028506555658859215
317,A,N,-0.00028506555658859215
317,A,M,-0.00028506555658859215
317,A,L,-0.00028506555658859215
317,A,Y,-0.00028506555658859215
317,A,K,-0.00028506555658859215
317,A,C,-0.00028506555658859215
317,A,D,-0.00028506555658859215
317,A,F,-0.00028506555658859215
133,N,V,-0.0002875482354200938
133,N,W,-0.0002875482354200938
133,N,C,-0.0002875482354200938
133,N,E,-0.0002875482354200938
133,N,Q,-0.0002875482354200938
133,N,M,-0.0002875482354200938
200,G,F,-0.0002877277020945985
200,G,C,-0.0002877277020945985
200,G,H,-0.0002877277020945985
200,G,Y,-0.0002877277020945985
200,G,N,-0.0002877277020945985
200,G,L,-0.0002877277020945985
200,G,I,-0.0002877277020945985
200,G,K,-0.0002877277020945985
(HA2)90,D,A,-0.0002878971695981888
(HA2)90,D,I,-0.0002878971695981888
(HA2)90,D,C,-0.0002878971695981888
(HA2)90,D,W,-0.0002878971695981888
(HA2)90,D,P,-0.0002878971695981888
(HA2)90,D,T,-0.0002878971695981888
(HA2)90,D,V,-0.0002878971695981888
(HA2)75,G,Y,-0.00028821035355481716
(HA2)75,G,S,-0.00028821035355481716
(HA2)75,G,C,-0.00028821035355481716
(HA2)75,G,L,-0.00028821035355481716
(HA2)75,G,M,-0.00028821035355481716
(HA2)75,G,P,-0.00028821035355481716
(HA2)75,G,T,-0.00028821035355481716
(HA2)152,I,C,-0.0002953587567657154
(HA2)152,I,W,-0.0002953587567657154
(HA2)152,I,D,-0.0002953587567657154
(HA2)152,I,H,-0.0002953587567657154
315,K,D,-0.00030187500863698756
315,K,G,-0.00030187500863698756
315,K,H,-0.00030187500863698756
315,K,V,-0.00030187500863698756
315,K,W,-0.00030187500863698756
315,K,C,-0.00030187500863698756
(HA2)35,A,L,-0.0003020036025735281
(HA2)35,A,N,-0.0003020036025735281
(HA2)35,A,F,-0.0003020036025735281
(HA2)35,A,P,-0.0003020036025735281
(HA2)35,A,Q,-0.0003020036025735281
(HA2)35,A,I,-0.0003020036025735281
(HA2)35,A,H,-0.0003020036025735281
(HA2)187,L,H,-0.0003027280907599744
(HA2)187,L,W,-0.0003027280907599744
(HA2)187,L,K,-0.0003027280907599744
(HA2)187,L,Y,-0.0003027280907599744
296,N,M,-0.0003067655589725069
296,N,R,-0.0003067655589725069
296,N,V,-0.0003067655589725069
296,N,W,-0.0003067655589725069
296,N,G,-0.0003067655589725069
296,N,F,-0.0003067655589725069
296,N,E,-0.0003067655589725069
296,N,P,-0.0003067655589725069
(HA2)89,I,H,-0.00030705230951936005
(HA2)89,I,Y,-0.00030705230951936005
(HA2)89,I,W,-0.00030705230951936005
(HA2)89,I,P,-0.00030705230951936005
(HA2)89,I,Q,-0.00030705230951936005
(HA2)89,I,F,-0.00030705230951936005
(HA2)89,I,C,-0.00030705230951936005
187,T,V,-0.00031251002793225357
187,T,C,-0.00031251002793225357
(HA2)213,G,W,-0.0003189855321227392
(HA2)213,G,V,-0.0003189855321227392
(HA2)213,G,N,-0.0003189855321227392
(HA2)213,G,M,-0.0003189855321227392
(HA2)213,G,K,-0.0003189855321227392
(HA2)213,G,I,-0.0003189855321227392
(HA2)213,G,E,-0.0003189855321227392
(HA2)213,G,C,-0.0003189855321227392
(HA2)213,G,A,-0.0003189855321227392
(HA2)213,G,Q,-0.0003189855321227392
(HA2)174,K,A,-0.0003200866947068386
(HA2)174,K,I,-0.0003200866947068386
(HA2)174,K,P,-0.0003200866947068386
(HA2)174,K,D,-0.0003200866947068386
(HA2)174,K,F,-0.0003200866947068386
(HA2)174,K,H,-0.0003200866947068386
(HA2)174,K,Y,-0.0003200866947068386
(HA2)174,K,W,-0.0003200866947068386
(HA2)174,K,V,-0.0003200866947068386
(HA2)174,K,S,-0.0003200866947068386
(HA2)24,F,D,-0.0003277284605540374
(HA2)24,F,E,-0.0003277284605540374
(HA2)24,F,C,-0.0003277284605540374
(HA2)24,F,A,-0.0003277284605540374
(HA2)24,F,G,-0.0003277284605540374
(HA2)24,F,I,-0.0003277284605540374
(HA2)24,F,T,-0.0003277284605540374
(HA2)24,F,Q,-0.0003277284605540374
(HA2)24,F,M,-0.0003277284605540374
191,Q,D,-0.0003316108621354051
191,Q,C,-0.0003316108621354051
191,Q,E,-0.0003316108621354051
191,Q,I,-0.0003316108621354051
191,Q,K,-0.0003316108621354051
191,Q,M,-0.0003316108621354051
191,Q,T,-0.0003316108621354051
191,Q,V,-0.0003316108621354051
-12,I,C,-0.0003383649676025411
-12,I,D,-0.0003383649676025411
-12,I,E,-0.0003383649676025411
-12,I,R,-0.0003383649676025411
-12,I,W,-0.0003383649676025411
(HA2)219,I,K,-0.0003444670652838081
(HA2)219,I,R,-0.0003444670652838081
(HA2)219,I,D,-0.0003444670652838081
(HA2)219,I,E,-0.0003444670652838081
(HA2)219,I,H,-0.0003444670652838081
(HA2)219,I,W,-0.0003444670652838081
(HA2)219,I,M,-0.0003444670652838081
(HA2)219,I,N,-0.0003444670652838081
(HA2)219,I,Q,-0.0003444670652838081
(HA2)219,I,C,-0.0003444670652838081
28,T,Q,-0.00034794435678964225
28,T,M,-0.00034794435678964225
28,T,E,-0.00034794435678964225
28,T,D,-0.00034794435678964225
28,T,C,-0.00034794435678964225
28,T,W,-0.00034794435678964225
28,T,N,-0.00034794435678964225
86,L,A,-0.00035024973364267457
86,L,E,-0.00035024973364267457
86,L,G,-0.00035024973364267457
86,L,K,-0.00035024973364267457
86,L,C,-0.00035024973364267457
78,D,M,-0.00035225924485068416
78,D,F,-0.00035225924485068416
78,D,P,-0.00035225924485068416
78,D,K,-0.00035225924485068416
78,D,T,-0.00035225924485068416
(HA2)7,A,C,-0.00035322116469779395
(HA2)7,A,Y,-0.00035322116469779395
(HA2)7,A,H,-0.00035322116469779395
(HA2)7,A,L,-0.00035322116469779395
(HA2)7,A,N,-0.00035322116469779395
(HA2)7,A,F,-0.00035322116469779395
(HA2)7,A,D,-0.00035322116469779395
(HA2)7,A,Q,-0.00035322116469779395
(HA2)7,A,W,-0.00035322116469779395
258,F,Q,-0.0003540821781020146
258,F,P,-0.0003540821781020146
258,F,H,-0.0003540821781020146
258,F,T,-0.0003540821781020146
(HA2)49,N,F,-0.0003548948990168597
(HA2)49,N,W,-0.0003548948990168597
(HA2)221,I,Q,-0.00035581131708574025
(HA2)221,I,D,-0.00035581131708574025
(HA2)221,I,H,-0.00035581131708574025
(HA2)221,I,W,-0.00035581131708574025
(HA2)221,I,K,-0.00035581131708574025
(HA2)221,I,Y,-0.00035581131708574025
(HA2)221,I,M,-0.00035581131708574025
(HA2)221,I,N,-0.00035581131708574025
(HA2)221,I,P,-0.00035581131708574025
288,I,A,-0.00035957555055464555
288,I,Y,-0.00035957555055464555
288,I,S,-0.00035957555055464555
288,I,R,-0.00035957555055464555
288,I,W,-0.00035957555055464555
288,I,C,-0.00035957555055464555
288,I,Q,-0.00035957555055464555
288,I,P,-0.00035957555055464555
288,I,K,-0.00035957555055464555
288,I,G,-0.00035957555055464555
288,I,D,-0.00035957555055464555
288,I,H,-0.00035957555055464555
259,K,S,-0.00036746824107114484
259,K,C,-0.00036746824107114484
259,K,W,-0.00036746824107114484
259,K,H,-0.00036746824107114484
259,K,Y,-0.00036746824107114484
83,K,C,-0.0003678759215298472
83,K,Y,-0.0003678759215298472
83,K,W,-0.0003678759215298472
83,K,M,-0.0003678759215298472
83,K,G,-0.0003678759215298472
13,L,S,-0.00036890276420498136
13,L,T,-0.00036890276420498136
13,L,W,-0.00036890276420498136
13,L,Y,-0.00036890276420498136
13,L,G,-0.00036890276420498136
13,L,H,-0.00036890276420498136
13,L,D,-0.00036890276420498136
13,L,C,-0.00036890276420498136
13,L,A,-0.00036890276420498136
13,L,K,-0.00036890276420498136
13,L,F,-0.00036890276420498136
13,L,M,-0.00036890276420498136
(HA2)203,L,H,-0.00037019216434051633
(HA2)203,L,C,-0.00037019216434051633
(HA2)203,L,Y,-0.00037019216434051633
(HA2)203,L,M,-0.00037019216434051633
110,S,F,-0.00037181737699510054
110,S,D,-0.00037181737699510054
110,S,E,-0.00037181737699510054
110,S,H,-0.00037181737699510054
110,S,I,-0.00037181737699510054
110,S,M,-0.00037181737699510054
110,S,Q,-0.00037181737699510054
110,S,W,-0.00037181737699510054
42,L,F,-0.0003760616354311453
42,L,G,-0.0003760616354311453
42,L,H,-0.0003760616354311453
42,L,I,-0.0003760616354311453
42,L,K,-0.0003760616354311453
42,L,C,-0.0003760616354311453
42,L,N,-0.0003760616354311453
42,L,W,-0.0003760616354311453
132,Q,W,-0.00038325499341583644
132,Q,M,-0.00038325499341583644
132,Q,K,-0.00038325499341583644
132,Q,G,-0.00038325499341583644
132,Q,Y,-0.00038325499341583644
132,Q,D,-0.00038325499341583644
132,Q,C,-0.00038325499341583644
318,T,D,-0.00039207275314502517
318,T,Y,-0.00039207275314502517
318,T,P,-0.00039207275314502517
318,T,E,-0.00039207275314502517
(HA2)128,E,C,-0.00039242894148356884
(HA2)128,E,H,-0.00039242894148356884
(HA2)128,E,M,-0.00039242894148356884
(HA2)128,E,N,-0.00039242894148356884
(HA2)99,L,N,-0.0004026011741711798
(HA2)99,L,G,-0.0004026011741711798
251,L,S,-0.00040358828823894267
251,L,Y,-0.00040358828823894267
251,L,H,-0.00040358828823894267
251,L,E,-0.00040358828823894267
251,L,C,-0.00040358828823894267
251,L,M,-0.00040358828823894267
251,L,A,-0.00040358828823894267
251,L,K,-0.00040358828823894267
251,L,T,-0.00040358828823894267
251,L,V,-0.00040358828823894267
328,T,M,-0.0004046403511468915
276,K,W,-0.00040774465024358785
276,K,Y,-0.00040774465024358785
276,K,D,-0.00040774465024358785
276,K,G,-0.00040774465024358785
276,K,C,-0.00040774465024358785
276,K,M,-0.00040774465024358785
278,N,C,-0.0004088880542490456
278,N,M,-0.0004088880542490456
278,N,W,-0.0004088880542490456
(HA2)21,W,D,-0.00041560248100480423
(HA2)21,W,M,-0.00041560248100480423
(HA2)21,W,G,-0.00041560248100480423
(HA2)21,W,N,-0.00041560248100480423
(HA2)21,W,K,-0.00041560248100480423
(HA2)21,W,A,-0.00041560248100480423
(HA2)21,W,Q,-0.00041560248100480423
(HA2)120,E,P,-0.0004183484277793132
(HA2)120,E,M,-0.0004183484277793132
(HA2)120,E,H,-0.0004183484277793132
135,T,C,-0.000418711538735858
135,T,W,-0.000418711538735858
135,T,G,-0.000418711538735858
135,T,L,-0.000418711538735858
135,T,F,-0.000418711538735858
135,T,M,-0.000418711538735858
135,T,Q,-0.000418711538735858
135,T,D,-0.000418711538735858
135,T,Y,-0.000418711538735858
81,N,F,-0.00042026254848508967
81,N,A,-0.00042026254848508967
81,N,C,-0.00042026254848508967
81,N,E,-0.00042026254848508967
81,N,L,-0.00042026254848508967
81,N,P,-0.00042026254848508967
81,N,R,-0.00042026254848508967
81,N,W,-0.00042026254848508967
(HA2)10,I,N,-0.00042270421801946683
(HA2)10,I,Q,-0.00042270421801946683
(HA2)10,I,Y,-0.00042270421801946683
(HA2)10,I,S,-0.00042270421801946683
(HA2)10,I,W,-0.00042270421801946683
(HA2)10,I,R,-0.00042270421801946683
(HA2)10,I,E,-0.00042270421801946683
(HA2)10,I,H,-0.00042270421801946683
(HA2)10,I,A,-0.00042270421801946683
(HA2)10,I,G,-0.00042270421801946683
(HA2)10,I,D,-0.00042270421801946683
168,M,Y,-0.0004251639760057129
168,M,W,-0.0004251639760057129
168,M,Q,-0.0004251639760057129
168,M,P,-0.0004251639760057129
168,M,H,-0.0004251639760057129
168,M,F,-0.0004251639760057129
168,M,E,-0.0004251639760057129
168,M,D,-0.0004251639760057129
168,M,C,-0.0004251639760057129
(HA2)58,K,W,-0.0004253636060593279
(HA2)58,K,F,-0.0004253636060593279
(HA2)58,K,P,-0.0004253636060593279
39,A,I,-0.00043298585639423964
39,A,F,-0.00043298585639423964
39,A,N,-0.00043298585639423964
39,A,K,-0.00043298585639423964
39,A,R,-0.00043298585639423964
39,A,Y,-0.00043298585639423964
39,A,D,-0.00043298585639423964
39,A,Q,-0.00043298585639423964
39,A,H,-0.00043298585639423964
106,A,F,-0.000433709260851971
106,A,Q,-0.000433709260851971
106,A,D,-0.000433709260851971
106,A,W,-0.000433709260851971
-13,I,E,-0.0004369358865236944
-13,I,M,-0.0004369358865236944
-13,I,D,-0.0004369358865236944
75,Q,C,-0.0004419102546346308
75,Q,F,-0.0004419102546346308
75,Q,W,-0.0004419102546346308
75,Q,Y,-0.0004419102546346308
60,D,W,-0.0004564591568197608
60,D,F,-0.0004564591568197608
60,D,V,-0.0004564591568197608
60,D,K,-0.0004564591568197608
60,D,I,-0.0004564591568197608
60,D,T,-0.0004564591568197608
60,D,P,-0.0004564591568197608
60,D,Q,-0.0004564591568197608
60,D,R,-0.0004564591568197608
60,D,C,-0.0004564591568197608
60,D,H,-0.0004564591568197608
(HA2)50,G,C,-0.00045818234526229105
(HA2)50,G,K,-0.00045818234526229105
(HA2)50,G,F,-0.00045818234526229105
(HA2)51,K,M,-0.0004584777569989763
(HA2)51,K,I,-0.0004584777569989763
(HA2)51,K,D,-0.0004584777569989763
(HA2)51,K,H,-0.0004584777569989763
(HA2)51,K,Y,-0.0004584777569989763
(HA2)51,K,W,-0.0004584777569989763
(HA2)51,K,F,-0.0004584777569989763
(HA2)216,R,C,-0.0004592115879341758
(HA2)216,R,F,-0.0004592115879341758
(HA2)216,R,A,-0.0004592115879341758
(HA2)216,R,I,-0.0004592115879341758
(HA2)216,R,N,-0.0004592115879341758
(HA2)216,R,D,-0.0004592115879341758
(HA2)216,R,Q,-0.0004592115879341758
(HA2)216,R,T,-0.0004592115879341758
(HA2)198,L,C,-0.00046307442340030516
10,T,E,-0.000463827478840489
10,T,D,-0.000463827478840489
10,T,N,-0.000463827478840489
10,T,I,-0.000463827478840489
10,T,G,-0.000463827478840489
10,T,V,-0.000463827478840489
10,T,Q,-0.000463827478840489
(HA2)195,C,I,-0.0004738102517890513
(HA2)195,C,M,-0.0004738102517890513
(HA2)195,C,E,-0.0004738102517890513
(HA2)195,C,K,-0.0004738102517890513
(HA2)42,Q,W,-0.0004776641402417067
(HA2)42,Q,F,-0.0004776641402417067
(HA2)42,Q,P,-0.0004776641402417067
(HA2)42,Q,M,-0.0004776641402417067
(HA2)42,Q,Y,-0.0004776641402417067
(HA2)42,Q,K,-0.0004776641402417067
(HA2)42,Q,G,-0.0004776641402417067
31,N,M,-0.0004805338913670081
31,N,I,-0.0004805338913670081
73,D,Q,-0.00048501001529806383
73,D,K,-0.00048501001529806383
73,D,C,-0.00048501001529806383
73,D,W,-0.00048501001529806383
73,D,M,-0.00048501001529806383
73,D,E,-0.00048501001529806383
73,D,T,-0.00048501001529806383
22,N,F,-0.00048530884958270296
22,N,I,-0.00048530884958270296
22,N,L,-0.00048530884958270296
22,N,P,-0.00048530884958270296
22,N,M,-0.00048530884958270296
22,N,W,-0.00048530884958270296
22,N,V,-0.00048530884958270296
22,N,C,-0.00048530884958270296
34,I,W,-0.0004900285345643519
34,I,R,-0.0004900285345643519
34,I,G,-0.0004900285345643519
34,I,Y,-0.0004900285345643519
34,I,D,-0.0004900285345643519
173,Q,F,-0.0004913033595389378
173,Q,M,-0.0004913033595389378
173,Q,W,-0.0004913033595389378
173,Q,C,-0.0004913033595389378
41,E,W,-0.0004951350918165314
41,E,M,-0.0004951350918165314
41,E,A,-0.0004951350918165314
41,E,F,-0.0004951350918165314
41,E,Y,-0.0004951350918165314
41,E,L,-0.0004951350918165314
41,E,T,-0.0004951350918165314
41,E,P,-0.0004951350918165314
41,E,N,-0.0004951350918165314
41,E,H,-0.0004951350918165314
41,E,I,-0.0004951350918165314
138,A,P,-0.0004988089101248585
138,A,N,-0.0004988089101248585
138,A,Q,-0.0004988089101248585
138,A,R,-0.0004988089101248585
138,A,K,-0.0004988089101248585
138,A,I,-0.0004988089101248585
138,A,W,-0.0004988089101248585
138,A,E,-0.0004988089101248585
217,I,C,-0.0005016255748065297
(HA2)59,T,M,-0.0005031815975894927
(HA2)59,T,C,-0.0005031815975894927
(HA2)59,T,Y,-0.0005031815975894927
(HA2)59,T,K,-0.0005031815975894927
(HA2)59,T,H,-0.0005031815975894927
(HA2)140,I,Y,-0.0005193057677351754
(HA2)140,I,P,-0.0005193057677351754
(HA2)140,I,C,-0.0005193057677351754
(HA2)140,I,H,-0.0005193057677351754
(HA2)80,L,K,-0.0005237894116558329
(HA2)80,L,N,-0.0005237894116558329
(HA2)80,L,S,-0.0005237894116558329
(HA2)80,L,T,-0.0005237894116558329
(HA2)80,L,W,-0.0005237894116558329
(HA2)80,L,Y,-0.0005237894116558329
(HA2)80,L,A,-0.0005237894116558329
(HA2)122,T,M,-0.0005244279539783547
(HA2)122,T,F,-0.0005244279539783547
(HA2)122,T,Q,-0.0005244279539783547
(HA2)122,T,W,-0.0005244279539783547
(HA2)122,T,E,-0.0005244279539783547
4,P,W,-0.0005276080089190706
4,P,M,-0.0005276080089190706
4,P,C,-0.0005276080089190706
289,P,M,-0.0005306634030778612
289,P,C,-0.0005306634030778612
289,P,I,-0.0005306634030778612
289,P,E,-0.0005306634030778612
289,P,Y,-0.0005306634030778612
289,P,W,-0.0005306634030778612
59,L,E,-0.0005391559774713996
59,L,S,-0.0005391559774713996
59,L,M,-0.0005391559774713996
59,L,K,-0.0005391559774713996
59,L,C,-0.0005391559774713996
59,L,T,-0.0005391559774713996
59,L,W,-0.0005391559774713996
264,K,L,-0.000561600429059388
264,K,I,-0.000561600429059388
264,K,F,-0.000561600429059388
264,K,D,-0.000561600429059388
264,K,C,-0.000561600429059388
264,K,M,-0.000561600429059388
264,K,V,-0.000561600429059388
264,K,W,-0.000561600429059388
264,K,Y,-0.000561600429059388
252,I,K,-0.0005648195255029754
252,I,H,-0.0005648195255029754
252,I,Q,-0.0005648195255029754
252,I,W,-0.0005648195255029754
252,I,N,-0.0005648195255029754
252,I,D,-0.0005648195255029754
252,I,E,-0.0005648195255029754
252,I,G,-0.0005648195255029754
(HA2)135,N,W,-0.000565062554926129
(HA2)135,N,R,-0.000565062554926129
(HA2)135,N,I,-0.000565062554926129
(HA2)135,N,H,-0.000565062554926129
(HA2)135,N,E,-0.000565062554926129
(HA2)135,N,C,-0.000565062554926129
8,N,F,-0.0005677626194255826
(HA2)218,N,Y,-0.000583463513173093
(HA2)218,N,W,-0.000583463513173093
(HA2)218,N,Q,-0.000583463513173093
(HA2)218,N,E,-0.000583463513173093
(HA2)218,N,P,-0.000583463513173093
(HA2)218,N,M,-0.000583463513173093
167,T,H,-0.0005913040492651532
167,T,M,-0.0005913040492651532
167,T,P,-0.0005913040492651532
167,T,F,-0.0005913040492651532
167,T,V,-0.0005913040492651532
167,T,R,-0.0005913040492651532
167,T,W,-0.0005913040492651532
167,T,Y,-0.0005913040492651532
167,T,E,-0.0005913040492651532
167,T,Q,-0.0005913040492651532
33,Q,C,-0.00059306686725146
33,Q,W,-0.00059306686725146
33,Q,S,-0.00059306686725146
33,Q,G,-0.00059306686725146
33,Q,D,-0.00059306686725146
82,K,C,-0.0005949790634303541
82,K,W,-0.0005949790634303541
82,K,Y,-0.0005949790634303541
149,S,V,-0.0006053086312312339
149,S,W,-0.0006053086312312339
149,S,F,-0.0006053086312312339
149,S,Y,-0.0006053086312312339
149,S,D,-0.0006053086312312339
149,S,Q,-0.0006053086312312339
149,S,P,-0.0006053086312312339
149,S,L,-0.0006053086312312339
(HA2)77,I,R,-0.0006084172205971551
(HA2)77,I,D,-0.0006084172205971551
(HA2)77,I,K,-0.0006084172205971551
(HA2)155,G,K,-0.000608941658895367
(HA2)155,G,Y,-0.000608941658895367
(HA2)155,G,Q,-0.000608941658895367
(HA2)155,G,M,-0.000608941658895367
(HA2)155,G,H,-0.000608941658895367
(HA2)155,G,I,-0.000608941658895367
(HA2)155,G,A,-0.000608941658895367
(HA2)155,G,C,-0.000608941658895367
(HA2)155,G,D,-0.000608941658895367
327,Q,M,-0.0006217566790822152
327,Q,Y,-0.0006217566790822152
327,Q,D,-0.0006217566790822152
(HA2)62,K,C,-0.0006230313816032883
(HA2)62,K,M,-0.0006230313816032883
(HA2)62,K,L,-0.0006230313816032883
(HA2)62,K,W,-0.0006230313816032883
(HA2)62,K,F,-0.0006230313816032883
(HA2)62,K,S,-0.0006230313816032883
(HA2)108,I,K,-0.0006275206030373655
(HA2)108,I,G,-0.0006275206030373655
(HA2)108,I,C,-0.0006275206030373655
(HA2)108,I,D,-0.0006275206030373655
(HA2)108,I,Y,-0.0006275206030373655
(HA2)108,I,W,-0.0006275206030373655
(HA2)108,I,Q,-0.0006275206030373655
(HA2)108,I,P,-0.0006275206030373655
(HA2)108,I,E,-0.0006275206030373655
(HA2)108,I,F,-0.0006275206030373655
163,A,I,-0.0006285224094228823
163,A,K,-0.0006285224094228823
163,A,Y,-0.0006285224094228823
163,A,W,-0.0006285224094228823
163,A,C,-0.0006285224094228823
163,A,M,-0.0006285224094228823
53,D,M,-0.0006314524960629569
53,D,L,-0.0006314524960629569
53,D,P,-0.0006314524960629569
53,D,F,-0.0006314524960629569
53,D,T,-0.0006314524960629569
53,D,W,-0.0006314524960629569
53,D,V,-0.0006314524960629569
(HA2)54,R,P,-0.0006347064854417982
(HA2)54,R,N,-0.0006347064854417982
(HA2)54,R,W,-0.0006347064854417982
(HA2)54,R,C,-0.0006347064854417982
(HA2)54,R,F,-0.0006347064854417982
199,S,C,-0.0006367362796668064
199,S,W,-0.0006367362796668064
(HA2)204,G,T,-0.0006448828179730727
(HA2)204,G,M,-0.0006448828179730727
(HA2)204,G,I,-0.0006448828179730727
-8,Y,F,-0.000672573487040232
(HA2)215,I,M,-0.0006779315685452097
(HA2)215,I,D,-0.0006779315685452097
(HA2)215,I,N,-0.0006779315685452097
(HA2)215,I,C,-0.0006779315685452097
(HA2)215,I,Q,-0.0006779315685452097
(HA2)215,I,R,-0.0006779315685452097
(HA2)215,I,K,-0.0006779315685452097
(HA2)215,I,W,-0.0006779315685452097
(HA2)215,I,H,-0.0006779315685452097
(HA2)215,I,E,-0.0006779315685452097
27,K,Y,-0.0006817951565586785
27,K,W,-0.0006817951565586785
27,K,M,-0.0006817951565586785
27,K,F,-0.0006817951565586785
27,K,V,-0.0006817951565586785
27,K,C,-0.0006817951565586785
(HA2)197,L,N,-0.000684347243956516
(HA2)197,L,A,-0.000684347243956516
14,C,M,-0.000684915936705116
14,C,V,-0.000684915936705116
14,C,Q,-0.000684915936705116
14,C,N,-0.000684915936705116
14,C,K,-0.000684915936705116
14,C,H,-0.000684915936705116
14,C,F,-0.000684915936705116
14,C,E,-0.000684915936705116
14,C,D,-0.000684915936705116
(HA2)161,V,D,-0.0006863509789110298
(HA2)161,V,Q,-0.0006863509789110298
(HA2)161,V,M,-0.0006863509789110298
(HA2)161,V,C,-0.0006863509789110298
(HA2)161,V,N,-0.0006863509789110298
(HA2)46,D,C,-0.000686902682747042
(HA2)46,D,P,-0.000686902682747042
(HA2)46,D,M,-0.000686902682747042
35,E,I,-0.0006897766136495701
35,E,H,-0.0006897766136495701
35,E,F,-0.0006897766136495701
35,E,M,-0.0006897766136495701
35,E,V,-0.0006897766136495701
35,E,W,-0.0006897766136495701
35,E,Y,-0.0006897766136495701
6,N,W,-0.000692867898246973
6,N,C,-0.000692867898246973
(HA2)71,S,Q,-0.0006944017592421437
(HA2)71,S,W,-0.0006944017592421437
(HA2)201,A,Q,-0.0006950892323734241
(HA2)201,A,H,-0.0006950892323734241
(HA2)201,A,F,-0.0006950892323734241
(HA2)201,A,W,-0.0006950892323734241
(HA2)154,N,P,-0.0006955164790278613
(HA2)154,N,V,-0.0006955164790278613
(HA2)154,N,M,-0.0006955164790278613
(HA2)154,N,C,-0.0006955164790278613
(HA2)154,N,E,-0.0006955164790278613
(HA2)154,N,Q,-0.0006955164790278613
(HA2)154,N,W,-0.0006955164790278613
(HA2)154,N,R,-0.0006955164790278613
(HA2)154,N,F,-0.0006955164790278613
-1,A,N,-0.0007003900203263199
-1,A,K,-0.0007003900203263199
-1,A,Q,-0.0007003900203263199
-1,A,E,-0.0007003900203263199
-1,A,R,-0.0007003900203263199
-1,A,W,-0.0007003900203263199
-1,A,Y,-0.0007003900203263199
-1,A,F,-0.0007003900203263199
(HA2)176,V,Q,-0.0007055230244399302
(HA2)176,V,P,-0.0007055230244399302
(HA2)176,V,C,-0.0007055230244399302
(HA2)176,V,N,-0.0007055230244399302
(HA2)176,V,Y,-0.0007055230244399302
(HA2)176,V,M,-0.0007055230244399302
(HA2)176,V,H,-0.0007055230244399302
195,Y,M,-0.0007070096548318645
195,Y,P,-0.0007070096548318645
195,Y,I,-0.0007070096548318645
195,Y,G,-0.0007070096548318645
195,Y,R,-0.0007070096548318645
195,Y,V,-0.0007070096548318645
195,Y,E,-0.0007070096548318645
195,Y,W,-0.0007070096548318645
195,Y,Q,-0.0007070096548318645
195,Y,K,-0.0007070096548318645
195,Y,A,-0.0007070096548318645
280,E,M,-0.0007121761119355332
280,E,N,-0.0007121761119355332
280,E,C,-0.0007121761119355332
280,E,W,-0.0007121761119355332
5,G,C,-0.0007218832127331813
208,R,M,-0.000725185983336102
156,H,F,-0.0007586740609501793
156,H,W,-0.0007586740609501793
156,H,D,-0.0007586740609501793
(HA2)148,C,D,-0.0007601059732633473
(HA2)148,C,M,-0.0007601059732633473
(HA2)148,C,K,-0.0007601059732633473
(HA2)148,C,F,-0.0007601059732633473
(HA2)148,C,H,-0.0007601059732633473
(HA2)148,C,W,-0.0007601059732633473
(HA2)148,C,E,-0.0007601059732633473
(HA2)148,C,T,-0.0007601059732633473
183,L,A,-0.000780579236286973
183,L,C,-0.000780579236286973
183,L,R,-0.000780579236286973
183,L,D,-0.000780579236286973
183,L,E,-0.000780579236286973
183,L,T,-0.000780579236286973
183,L,G,-0.000780579236286973
183,L,K,-0.000780579236286973
183,L,Q,-0.000780579236286973
183,L,W,-0.000780579236286973
183,L,Y,-0.000780579236286973
183,L,N,-0.000780579236286973
183,L,V,-0.000780579236286973
183,L,S,-0.000780579236286973
324,P,N,-0.0007880201795378165
324,P,F,-0.0007880201795378165
324,P,D,-0.0007880201795378165
(HA2)178,L,N,-0.0007983595613634193
(HA2)178,L,E,-0.0007983595613634193
(HA2)178,L,C,-0.0007983595613634193
(HA2)178,L,H,-0.0007983595613634193
(HA2)178,L,Y,-0.0007983595613634193
(HA2)178,L,T,-0.0007983595613634193
(HA2)178,L,D,-0.0007983595613634193
(HA2)15,E,H,-0.000817959465796333
(HA2)15,E,M,-0.000817959465796333
(HA2)15,E,W,-0.000817959465796333
(HA2)87,T,W,-0.0008363689449009634
(HA2)87,T,K,-0.0008363689449009634
(HA2)87,T,D,-0.0008363689449009634
24,T,C,-0.0008452378592008222
24,T,I,-0.0008452378592008222
24,T,E,-0.0008452378592008222
24,T,N,-0.0008452378592008222
(HA2)182,Y,N,-0.0008460964445833737
29,I,E,-0.0008540468892955933
29,I,D,-0.0008540468892955933
29,I,Q,-0.0008540468892955933
29,I,C,-0.0008540468892955933
29,I,W,-0.0008540468892955933
29,I,R,-0.0008540468892955933
29,I,Y,-0.0008540468892955933
56,H,V,-0.0008740509987912538
56,H,K,-0.0008740509987912538
56,H,C,-0.0008740509987912538
56,H,N,-0.0008740509987912538
56,H,T,-0.0008740509987912538
56,H,M,-0.0008740509987912538
56,H,D,-0.0008740509987912538
56,H,W,-0.0008740509987912538
56,H,E,-0.0008740509987912538
(HA2)98,L,G,-0.0008805669262493882
(HA2)98,L,D,-0.0008805669262493882
(HA2)98,L,C,-0.0008805669262493882
(HA2)98,L,K,-0.0008805669262493882
(HA2)98,L,E,-0.0008805669262493882
16,G,F,-0.0009303257548610844
16,G,H,-0.0009303257548610844
16,G,I,-0.0009303257548610844
16,G,C,-0.0009303257548610844
16,G,K,-0.0009303257548610844
16,G,L,-0.0009303257548610844
16,G,Y,-0.0009303257548610844
16,G,N,-0.0009303257548610844
16,G,T,-0.0009303257548610844
16,G,S,-0.0009303257548610844
16,G,Q,-0.0009303257548610844
16,G,M,-0.0009303257548610844
(HA2)19,D,W,-0.0009331908047390389
(HA2)19,D,F,-0.0009331908047390389
(HA2)19,D,M,-0.0009331908047390389
(HA2)19,D,A,-0.0009331908047390389
(HA2)19,D,K,-0.0009331908047390389
69,A,Q,-0.0009481121643182902
69,A,W,-0.0009481121643182902
69,A,Y,-0.0009481121643182902
69,A,E,-0.0009481121643182902
69,A,D,-0.0009481121643182902
69,A,H,-0.0009481121643182902
69,A,M,-0.0009481121643182902
(HA2)211,Q,E,-0.0009679150946897725
(HA2)211,Q,V,-0.0009679150946897725
(HA2)211,Q,I,-0.0009679150946897725
(HA2)211,Q,K,-0.0009679150946897725
(HA2)211,Q,N,-0.0009679150946897725
(HA2)211,Q,D,-0.0009679150946897725
7,D,M,-0.0010334789590608275
7,D,C,-0.0010334789590608275
(HA2)116,N,C,-0.0010364402096711715
(HA2)116,N,W,-0.0010364402096711715
(HA2)116,N,M,-0.0010364402096711715
(HA2)116,N,P,-0.0010364402096711715
(HA2)169,N,M,-0.0010593733502579825
(HA2)169,N,W,-0.0010593733502579825
(HA2)214,N,W,-0.0011782489548878205
(HA2)214,N,I,-0.0011782489548878205
(HA2)214,N,C,-0.0011782489548878205
226,I,Y,-0.0011834013187084656
226,I,R,-0.0011834013187084656
226,I,D,-0.0011834013187084656
226,I,K,-0.0011834013187084656
(HA2)205,F,W,-0.0011979030123230043
(HA2)205,F,H,-0.0011979030123230043
(HA2)92,W,A,-0.0012035835272989684
(HA2)92,W,P,-0.0012035835272989684
(HA2)92,W,Q,-0.0012035835272989684
(HA2)92,W,I,-0.0012035835272989684
(HA2)17,M,G,-0.0012102835213859695
(HA2)17,M,H,-0.0012102835213859695
(HA2)17,M,W,-0.0012102835213859695
(HA2)17,M,A,-0.0012102835213859695
(HA2)159,H,W,-0.0012164777052085434
(HA2)159,H,I,-0.0012164777052085434
(HA2)159,H,M,-0.0012164777052085434
(HA2)159,H,E,-0.0012164777052085434
244,L,G,-0.0012374396016873897
(HA2)38,L,C,-0.0012426989509113746
(HA2)38,L,D,-0.0012426989509113746
(HA2)38,L,N,-0.0012426989509113746
(HA2)200,V,Y,-0.0012716857471112178
(HA2)145,D,K,-0.0012871904521822677
(HA2)145,D,Q,-0.0012871904521822677
(HA2)145,D,H,-0.0012871904521822677
(HA2)145,D,M,-0.0012871904521822677
(HA2)145,D,C,-0.0012871904521822677
(HA2)145,D,W,-0.0012871904521822677
-7,I,W,-0.0013579328512138818
-7,I,H,-0.0013579328512138818
48,T,C,-0.001399809598182755
(HA2)171,F,T,-0.0014044926701147474
(HA2)171,F,W,-0.0014044926701147474
(HA2)171,F,K,-0.0014044926701147474
(HA2)171,F,M,-0.0014044926701147474
(HA2)171,F,Q,-0.0014044926701147474
(HA2)171,F,R,-0.0014044926701147474
(HA2)171,F,N,-0.0014044926701147474
(HA2)171,F,E,-0.0014044926701147474
(HA2)171,F,D,-0.0014044926701147474
(HA2)208,W,A,-0.0014522596405892585
(HA2)208,W,N,-0.0014522596405892585
72,G,D,-0.0014554876916241261
72,G,P,-0.0014554876916241261
72,G,H,-0.0014554876916241261
72,G,W,-0.0014554876916241261
72,G,V,-0.0014554876916241261
72,G,M,-0.0014554876916241261
(HA2)134,G,K,-0.0015082510266379674
(HA2)134,G,N,-0.0015082510266379674
(HA2)134,G,M,-0.0015082510266379674
(HA2)134,G,H,-0.0015082510266379674
(HA2)134,G,A,-0.0015082510266379674
(HA2)134,G,R,-0.0015082510266379674
(HA2)134,G,W,-0.0015082510266379674
(HA2)134,G,F,-0.0015082510266379674
(HA2)134,G,P,-0.0015082510266379674
(HA2)177,E,F,-0.0015167260596585875
44,Q,D,-0.0015886664194094196
44,Q,C,-0.0015886664194094196
44,Q,N,-0.0015886664194094196
(HA2)130,A,F,-0.0016046474212276487
(HA2)130,A,Y,-0.0016046474212276487
(HA2)130,A,I,-0.0016046474212276487
(HA2)130,A,M,-0.0016046474212276487
(HA2)130,A,C,-0.0016046474212276487
(HA2)130,A,K,-0.0016046474212276487
50,E,Y,-0.0016083045362886256
50,E,M,-0.0016083045362886256
215,P,Y,-0.0016090699939558348
215,P,F,-0.0016090699939558348
215,P,W,-0.0016090699939558348
215,P,M,-0.0016090699939558348
215,P,K,-0.0016090699939558348
(HA2)167,L,Q,-0.001618366573100359
(HA2)167,L,W,-0.001618366573100359
(HA2)167,L,R,-0.001618366573100359
(HA2)167,L,C,-0.001618366573100359
(HA2)167,L,E,-0.001618366573100359
(HA2)167,L,K,-0.001618366573100359
(HA2)167,L,H,-0.001618366573100359
209,S,L,-0.0016704049091995114
(HA2)180,S,C,-0.0017464973204722755
-15,K,D,-0.0017721102253556817
(HA2)27,Q,N,-0.0018013831715483497
58,I,Q,-0.0018189556860055513
58,I,S,-0.0018189556860055513
58,I,R,-0.0018189556860055513
58,I,W,-0.0018189556860055513
58,I,Y,-0.0018189556860055513
58,I,P,-0.0018189556860055513
58,I,K,-0.0018189556860055513
58,I,A,-0.0018189556860055513
58,I,M,-0.0018189556860055513
58,I,D,-0.0018189556860055513
58,I,C,-0.0018189556860055513
216,N,C,-0.0018570825889269978
216,N,P,-0.0018570825889269978
79,F,T,-0.0018719960835003372
79,F,N,-0.0018719960835003372
79,F,Q,-0.0018719960835003372
79,F,E,-0.0018719960835003372
79,F,D,-0.0018719960835003372
-3,V,Q,-0.001901762460754108
-3,V,W,-0.001901762460754108
-3,V,M,-0.001901762460754108
-3,V,K,-0.001901762460754108
-3,V,E,-0.001901762460754108
-3,V,Y,-0.001901762460754108
(HA2)149,I,S,-0.0019118771364283857
(HA2)149,I,G,-0.0019118771364283857
(HA2)149,I,H,-0.0019118771364283857
(HA2)149,I,N,-0.0019118771364283857
(HA2)149,I,Q,-0.0019118771364283857
(HA2)149,I,E,-0.0019118771364283857
23,G,T,-0.0019488133857265132
23,G,K,-0.0019488133857265132
23,G,H,-0.0019488133857265132
23,G,D,-0.0019488133857265132
23,G,C,-0.0019488133857265132
23,G,L,-0.0019488133857265132
23,G,N,-0.0019488133857265132
23,G,M,-0.0019488133857265132
23,G,W,-0.0019488133857265132
23,G,Y,-0.0019488133857265132
(HA2)64,H,L,-0.0019882639008570882
(HA2)18,V,G,-0.0020355669666242498
(HA2)18,V,W,-0.0020355669666242498
(HA2)139,K,S,-0.0020554003724116616
(HA2)185,W,K,-0.0020758663020148927
(HA2)185,W,H,-0.0020758663020148927
(HA2)185,W,N,-0.0020758663020148927
(HA2)133,M,W,-0.002082645336827171
(HA2)133,M,E,-0.002082645336827171
(HA2)133,M,D,-0.002082645336827171
(HA2)133,M,C,-0.002082645336827171
(HA2)133,M,H,-0.002082645336827171
(HA2)133,M,Y,-0.002082645336827171
164,L,Y,-0.002116671458511834
164,L,E,-0.002116671458511834
164,L,G,-0.002116671458511834
164,L,K,-0.002116671458511834
143,S,C,-0.0021576350226103244
143,S,R,-0.0021576350226103244
143,S,V,-0.0021576350226103244
143,S,W,-0.0021576350226103244
143,S,M,-0.0021576350226103244
63,N,W,-0.002185024420711545
63,N,C,-0.002185024420711545
63,N,P,-0.002185024420711545
63,N,L,-0.002185024420711545
63,N,M,-0.002185024420711545
96,N,W,-0.0022062511350071957
96,N,C,-0.0022062511350071957
96,N,H,-0.0022062511350071957
96,N,P,-0.0022062511350071957
96,N,Y,-0.0022062511350071957
(HA2)179,K,H,-0.0024721812649629205
(HA2)179,K,I,-0.0024721812649629205
(HA2)183,K,H,-0.0026600781228465513
(HA2)183,K,F,-0.0026600781228465513
(HA2)163,R,D,-0.0026692363249894266
(HA2)163,R,F,-0.0026692363249894266
(HA2)163,R,Y,-0.0026692363249894266
(HA2)163,R,W,-0.0026692363249894266
(HA2)163,R,Q,-0.0026692363249894266
(HA2)163,R,P,-0.0026692363249894266
(HA2)163,R,M,-0.0026692363249894266
(HA2)163,R,H,-0.0026692363249894266
(HA2)168,N,P,-0.002743198586221426
(HA2)168,N,I,-0.002743198586221426
(HA2)141,Y,I,-0.002753530906512888
(HA2)141,Y,K,-0.002753530906512888
(HA2)141,Y,L,-0.002753530906512888
(HA2)141,Y,M,-0.002753530906512888
(HA2)141,Y,W,-0.002753530906512888
(HA2)184,D,M,-0.002757874679501355
(HA2)184,D,C,-0.002757874679501355
(HA2)184,D,K,-0.002757874679501355
(HA2)81,E,G,-0.0028503609741079815
(HA2)142,H,D,-0.0028665974040994555
(HA2)142,H,E,-0.0028665974040994555
(HA2)142,H,G,-0.0028665974040994555
(HA2)196,F,W,-0.003083355859318836
(HA2)196,F,D,-0.003083355859318836
57,Q,D,-0.003124312618339856
57,Q,Y,-0.003124312618339856
57,Q,C,-0.003124312618339856
57,Q,W,-0.003124312618339856
295,Q,R,-0.0032861926581711646
(HA2)150,G,C,-0.003305981517297594
(HA2)150,G,M,-0.003305981517297594
(HA2)146,N,F,-0.0034067772617053698
(HA2)146,N,W,-0.0034067772617053698
(HA2)173,I,H,-0.0035071712017693125
(HA2)173,I,Y,-0.0035071712017693125
277,C,R,-0.003538060562590565
241,D,E,-0.003624280518785116
(HA2)106,H,C,-0.0037272340467581185
(HA2)106,H,T,-0.0037272340467581185
(HA2)106,H,P,-0.0037272340467581185
(HA2)106,H,F,-0.0037272340467581185
(HA2)106,H,I,-0.0037272340467581185
(HA2)3,F,S,-0.003898088606604565
(HA2)151,S,M,-0.0039029839973570117
(HA2)151,S,F,-0.0039029839973570117
(HA2)151,S,N,-0.0039029839973570117
(HA2)151,S,Q,-0.0039029839973570117
(HA2)151,S,E,-0.0039029839973570117
(HA2)151,S,D,-0.0039029839973570117
(HA2)151,S,W,-0.0039029839973570117
(HA2)209,A,W,-0.004065029698169885
(HA2)209,A,Y,-0.004065029698169885
(HA2)209,A,K,-0.004065029698169885
(HA2)136,G,Q,-0.00413926242187555
(HA2)136,G,W,-0.00413926242187555
(HA2)136,G,F,-0.00413926242187555
238,K,E,-0.004187835745440593
(HA2)29,S,Q,-0.004276053884615511
264,K,N,-0.004564390878724376
317,A,T,-0.004579012444193554
(HA2)144,C,S,-0.004656089327763054
(HA2)144,C,D,-0.004656089327763054
(HA2)144,C,M,-0.004656089327763054
(HA2)144,C,V,-0.004656089327763054
(HA2)144,C,Q,-0.004656089327763054
(HA2)144,C,T,-0.004656089327763054
226,I,Q,-0.005046832359933595
(HA2)88,K,L,-0.005101998423329813
(HA2)88,K,H,-0.005101998423329813
(HA2)88,K,M,-0.005101998423329813
(HA2)88,K,P,-0.005101998423329813
21,P,M,-0.0051732814160783125
21,P,I,-0.0051732814160783125
21,P,C,-0.0051732814160783125
21,P,W,-0.0051732814160783125
21,P,D,-0.0051732814160783125
(HA2)9,F,C,-0.005302750546090155
286,G,R,-0.0054064760721154155
8,N,Q,-0.00603751496303263
(HA2)137,C,E,-0.007123797363137812
36,V,F,-0.007969164600426492
(HA2)170,R,G,-0.008630993448810255
152,N,Y,-0.008914929473858305
(HA2)131,E,Q,-0.008941322204130119
115,S,Y,-0.009008807251231248
(HA2)157,Y,E,-0.009052632952773988
(HA2)153,R,T,-0.00982421365969396
(HA2)165,E,F,-0.009847170890690635
(HA2)143,K,D,-0.009866456090327411
(HA2)181,G,I,-0.009988401047424938
(HA2)181,G,D,-0.009988401047424938
(HA2)40,S,A,-0.010191205999119575
(HA2)188,W,G,-0.010222652651640468
(HA2)213,G,F,-0.01042906276415982
(HA2)213,G,Y,-0.01042906276415982
281,C,F,-0.010545021366735179
(HA2)57,G,S,-0.010557375264453217
(HA2)195,C,R,-0.010651284429016852
(HA2)195,C,H,-0.010651284429016852
(HA2)161,V,K,-0.010717347195747299
(HA2)204,G,N,-0.010769478837636563
(HA2)176,V,D,-0.010894907562835504
(HA2)197,L,M,-0.010931429884996619
(HA2)201,A,P,-0.01095627713026461
(HA2)214,N,E,-0.011296115102629114
(HA2)168,N,W,-0.012854499052959784
(HA2)168,N,M,-0.012854499052959784
(HA2)142,H,I,-0.012956593969241781
(HA2)142,H,K,-0.012956593969241781
(HA2)38,L,V,-0.013145539171426041
(HA2)146,N,A,-0.013472395091850794
(HA2)173,I,Q,-0.013695066365606214
(HA2)173,I,N,-0.013695066365606214
83,K,R,-0.013761822750080262
(HA2)156,T,S,-0.01450066241216186
17,H,S,-0.015431523091934672
17,H,W,-0.015431523091934672
17,H,A,-0.015431523091934672
17,H,C,-0.015431523091934672
17,H,E,-0.015431523091934672
17,H,F,-0.015431523091934672
17,H,G,-0.015431523091934672
17,H,I,-0.015431523091934672
17,H,M,-0.015431523091934672
(HA2)36,A,E,-0.015476931486993785
(HA2)123,K,Q,-0.015680294050224586
(HA2)191,F,C,-0.01658187702373739
(HA2)217,C,M,-0.016932791968835695
(HA2)143,K,T,-0.01708128613399512
(HA2)143,K,C,-0.01708128613399512
(HA2)65,Q,S,-0.017862392807755097
(HA2)195,C,T,-0.017965118666979554
(HA2)148,C,N,-0.01815297906902666
(HA2)211,Q,M,-0.018176982136654127
(HA2)197,L,T,-0.018295593027152304
(HA2)201,A,C,-0.01833063928516775
(HA2)147,A,G,-0.018453160688476956
(HA2)200,V,N,-0.018638259326853715
(HA2)177,E,W,-0.018993582251710862
(HA2)106,H,D,-0.019022893700145434
(HA2)180,S,T,-0.019159288474179387
(HA2)180,S,W,-0.019159288474179387
(HA2)183,K,Y,-0.01942156608115742
(HA2)39,K,Y,-0.019804542846710127
(HA2)207,M,W,-0.020075114118470808
159,F,M,-0.020166880975710982
(HA2)109,D,A,-0.020554243157863167
(HA2)150,G,P,-0.020615287670333275
(HA2)53,N,G,-0.02076441022426699
242,I,A,-0.02117445634935797
(HA2)28,N,D,-0.021501034205604747
270,S,P,-0.022133245047201367
312,N,Q,-0.022203905048189265
(HA2)61,E,V,-0.02252512017594026
(HA2)121,K,R,-0.022695639692098972
(HA2)203,L,W,-0.023324918531211086
329,R,K,-0.02373619758165563
(HA2)197,L,I,-0.02384348922768597
(HA2)193,I,L,-0.023881711006237694
(HA2)186,I,E,-0.023886188324140963
(HA2)30,E,A,-0.024099447965269576
(HA2)200,V,M,-0.024108466849339594
127,W,R,-0.024531467240589532
262,S,P,-0.02474964110550248
(HA2)203,L,E,-0.025431407620018217
138,A,D,-0.026607372882193992
208,R,K,-0.02664202450967461
(HA2)221,I,C,-0.0273573881055287
-15,K,I,-0.027551866336509086
-3,V,P,-0.027800442610253665
210,Q,A,-0.027905205304346068
(HA2)197,L,H,-0.028173317858571186
15,L,R,-0.028226180223683454
(HA2)169,N,Q,-0.02830537057598654
(HA2)186,I,W,-0.02839743079385836
(HA2)202,L,K,-0.028562805840599403
73,D,Y,-0.028596626685356445
22,N,Y,-0.0286064881884525
(HA2)183,K,L,-0.02881834372969446
(HA2)203,L,G,-0.028885213541654155
(HA2)198,L,M,-0.02889537077095575
249,G,R,-0.029675953894895305
199,S,N,-0.029866073143463328
(HA2)206,I,D,-0.030029644248592568
253,A,C,-0.030066781376205397
275,G,I,-0.030191996873992405
(HA2)132,D,C,-0.030386173050408305
(HA2)46,D,E,-0.030414853293488996
(HA2)182,Y,P,-0.030484825897433527
209,S,A,-0.031118946564433956
(HA2)148,C,S,-0.03133663733413675
(HA2)165,E,R,-0.03138908940323936
(HA2)131,E,V,-0.03142505237330826
(HA2)129,N,D,-0.03153509735366368
(HA2)197,L,Y,-0.031646561364430156
(HA2)159,H,G,-0.03165075849751383
279,S,A,-0.03195993127188503
(HA2)212,K,I,-0.03196816611614152
(HA2)157,Y,I,-0.032258321105572585
(HA2)187,L,T,-0.032826344849663125
(HA2)182,Y,I,-0.033209695204705666
209,S,R,-0.034123608513014866
-4,L,S,-0.0341988640005305
-13,I,H,-0.03455668780416603
40,T,L,-0.035631076888055106
(HA2)138,F,T,-0.03563424909018665
35,E,D,-0.038169219069915106
58,I,T,-0.03848622785061278
(HA2)207,M,Q,-0.038649793444234005
(HA2)206,I,L,-0.03909432934737598
(HA2)135,N,D,-0.03941079190290463
200,G,S,-0.040647930364136595
(HA2)208,W,F,-0.040992556188766065
-16,M,E,-0.04133257026097984
(HA2)160,D,N,-0.04167357481951193
(HA2)122,T,P,-0.04176185572098091
(HA2)190,S,P,-0.041945921421376375
(HA2)97,E,S,-0.042088805964118514
(HA2)155,G,P,-0.04272844477626728
169,P,T,-0.04381901710316037
(HA2)172,Q,R,-0.044954580332201725
2,K,G,-0.045342007347366646
(HA2)185,W,G,-0.04545384585132787
237,V,A,-0.04654362362023291
(HA2)143,K,I,-0.04697806986461108
3,L,F,-0.04700700056082127
234,W,Y,-0.047517677166587544
121,N,D,-0.04773069060685021
(HA2)184,D,G,-0.04824563440821694
(HA2)202,L,G,-0.04968390427581778
313,T,S,-0.05074939389005108
(HA2)199,C,R,-0.050762244154854655
-16,M,Y,-0.05086267857409039
(HA2)47,Q,L,-0.0511306889894442
(HA2)203,L,R,-0.05298380908739538
(HA2)139,K,E,-0.053538527929926215
(HA2)164,D,V,-0.05400911686379764
(HA2)213,G,S,-0.05401140490173691
2,K,Q,-0.05416668710099053
144,K,V,-0.05464737473882595
131,T,I,-0.054977284590375514
-9,S,Y,-0.055502406743339935
-10,L,T,-0.05552595689138059
(HA2)37,D,G,-0.05556046064352344
(HA2)204,G,K,-0.0556347249605382
52,C,Y,-0.055703287705396475
68,D,Y,-0.05602360714902148
60,D,A,-0.056107952400340194
(HA2)139,K,V,-0.05706159120415919
(HA2)39,K,G,-0.05766443429714104
225,N,K,-0.058341897333143204
(HA2)200,V,A,-0.05834415753196537
34,I,T,-0.05979552736133314
(HA2)148,C,Q,-0.06095672424157031
213,V,G,-0.06117725777999429
261,R,P,-0.06138852977370395
244,L,M,-0.06144717840473848
257,Y,S,-0.06152264805029126
199,S,E,-0.06195697385068483
(HA2)79,D,Y,-0.06223615226090009
262,S,H,-0.06272558086031639
242,I,S,-0.06331399818933396
201,R,Q,-0.06346800327401655
(HA2)195,C,F,-0.06350655196676032
(HA2)29,S,G,-0.06379554440685162
275,G,S,-0.06479096797101991
308,Y,F,-0.06544515163203518
(HA2)91,L,P,-0.06589360636771559
81,N,K,-0.06632020076218491
260,I,L,-0.06658787954583982
307,R,K,-0.06662824666502744
8,N,D,-0.06796622343632909
(HA2)30,E,Y,-0.06859674916250855
272,A,I,-0.06887787405979122
293,P,I,-0.0689659674805402
316,L,P,-0.06897427927639334
316,L,R,-0.06897427927639334
279,S,P,-0.06897497187658194
22,N,E,-0.06899540756959409
54,S,H,-0.06906904966566389
301,T,F,-0.06919543083160033
(HA2)1,G,A,-0.06945947728469459
76,C,A,-0.06959533365133762
328,T,F,-0.07052926285388497
171,N,D,-0.07102417466769954
(HA2)112,D,E,-0.07137477338635999
55,P,L,-0.07157343991509386
(HA2)112,D,A,-0.07201664796757602
(HA2)121,K,I,-0.07214358342522907
(HA2)118,L,M,-0.07248030588938262
297,V,L,-0.07306179577314069
(HA2)45,I,R,-0.07420720675279016
304,A,T,-0.07431349462377868
-16,M,W,-0.07496587703256219
199,S,A,-0.07570283339195215
212,I,V,-0.07616687499073395
8,N,S,-0.07639990021054459
228,S,N,-0.07678994431888096
(HA2)20,G,D,-0.07697208843040618
(HA2)1,G,C,-0.07773062945898168
157,L,Y,-0.07789442183549386
102,V,A,-0.0789929008476106
214,S,L,-0.07925130330243163
(HA2)39,K,V,-0.07950675335643018
-9,S,R,-0.08312299541406813
83,K,E,-0.0831683132179325
(HA2)186,I,G,-0.08357683825707918
-6,L,Y,-0.08371801752401367
9,S,A,-0.08465905649263436
10,T,P,-0.08502065350689424
24,T,R,-0.08558842283261554
180,W,R,-0.08855076719985538
(HA2)143,K,P,-0.08966208951481396
299,R,F,-0.09018239567356602
34,I,F,-0.09218232856806557
(HA2)57,G,D,-0.09249236148304275
(HA2)95,N,R,-0.09252659094580247
161,Y,C,-0.09320257128361176
136,S,Q,-0.09379769224027473
224,R,N,-0.0943303740445424
139,C,Y,-0.0948696693162711
(HA2)59,T,R,-0.09566462357241917
(HA2)106,H,E,-0.09617135535409271
250,N,S,-0.09647958762692943
(HA2)76,R,I,-0.0965566349764639
(HA2)94,Y,F,-0.09735300777048343
231,S,N,-0.09814766653036838
208,R,T,-0.0991118784800101
-16,M,K,-0.09917003701057468
29,I,T,-0.10002704150807105
5,G,E,-0.10031691349929964
(HA2)60,N,S,-0.10058667296069133
207,K,G,-0.10092383532986579
213,V,R,-0.1014229609318729
(HA2)69,E,G,-0.10160706036928327
268,M,R,-0.10162716692370542
204,V,Y,-0.10169097081862541
249,G,A,-0.10184478184495682
200,G,R,-0.10186964355910227
200,G,V,-0.10186964355910227
241,D,H,-0.10194859875073214
264,K,G,-0.10210005743358948
217,I,F,-0.10220076693671525
120,F,S,-0.10271657759254324
-6,L,F,-0.1027389260354713
18,H,R,-0.10319135027911971
215,P,E,-0.10320619525345752
15,L,S,-0.10320889064992736
-9,S,T,-0.10349844562039871
36,V,A,-0.10367904227502525
236,I,T,-0.10439206225747881
(HA2)36,A,T,-0.10447357055784678
269,R,A,-0.10450954180120545
48,T,Q,-0.10505553126907398
(HA2)139,K,Q,-0.10525790165277064
302,Y,T,-0.10592939665936886
83,K,T,-0.10597821347205005
316,L,S,-0.10602510479688805
(HA2)45,I,T,-0.10684981544154211
139,C,R,-0.10752517115395602
(HA2)180,S,G,-0.10762546583536836
48,T,H,-0.10767126718033662
(HA2)2,I,T,-0.10769733076281403
201,R,G,-0.10790686292507613
220,R,G,-0.108312882711378
42,L,M,-0.10967953572054379
(HA2)76,R,L,-0.10973297446886546
144,K,N,-0.11040212377686709
(HA2)207,M,A,-0.11145370312633777
97,C,P,-0.11183147240266439
99,P,L,-0.11189199496795885
134,G,Q,-0.11193981859276095
108,L,R,-0.11205006507365596
6,N,T,-0.1121369476833445
24,T,A,-0.11276494919406962
143,S,Q,-0.11397744399682917
(HA2)32,R,F,-0.11398749295926323
(HA2)52,L,V,-0.11407210707646814
312,N,R,-0.11414184306888996
(HA2)91,L,S,-0.11445047300611898
-16,M,I,-0.1154738774272944
67,I,M,-0.11559935921137944
85,D,G,-0.11653477972706905
(HA2)63,F,G,-0.11670314547705385
(HA2)44,A,C,-0.11681582895045961
(HA2)100,V,T,-0.11702752828126871
(HA2)49,N,K,-0.11706858175464545
311,Q,V,-0.11756646087665312
(HA2)92,W,E,-0.11847128069771985
212,I,R,-0.11876929876119088
(HA2)132,D,V,-0.11919079384700386
290,N,D,-0.1198719842453122
219,S,L,-0.12014711382702939
(HA2)106,H,N,-0.12083365478698561
275,G,Y,-0.12165775698183946
137,S,P,-0.12391486173571226
1,Q,S,-0.12410921555647167
1,Q,F,-0.12410921555647167
(HA2)159,H,R,-0.12447383738757664
129,G,E,-0.12454781874156641
95,S,G,-0.12478263096161556
92,K,R,-0.12531090876949727
(HA2)30,E,V,-0.12626915107156164
323,V,C,-0.1265074445701961
-5,C,V,-0.12656485430055509
(HA2)148,C,G,-0.1265799502808705
24,T,K,-0.12666766780031025
(HA2)39,K,I,-0.12671974676322217
74,P,S,-0.12677083301500142
28,T,P,-0.12704374334491403
36,V,T,-0.1270790285411496
9,S,T,-0.1270809073514508
31,N,G,-0.12719647197068087
4,P,Y,-0.12742179662154687
48,T,N,-0.12843007800775405
160,K,Y,-0.12844275671178332
310,K,M,-0.12856019339622135
195,Y,C,-0.1287066940500894
298,N,A,-0.12906752589204493
274,I,N,-0.1290677240287084
314,L,Q,-0.1290968310466362
(HA2)2,I,F,-0.12910227498649468
(HA2)32,R,W,-0.1291115864179497
(HA2)32,R,D,-0.1291115864179497
285,N,K,-0.12914936122737766
(HA2)33,G,S,-0.12914999109514055
(HA2)26,H,K,-0.12918231309823094
(HA2)26,H,S,-0.12918231309823094
(HA2)3,F,C,-0.12921312290436324
302,Y,D,-0.12924641005855989
296,N,K,-0.12929699594958022
292,K,Q,-0.12929707554907574
288,I,F,-0.1292987389636492
288,I,M,-0.1292987389636492
(HA2)11,E,L,-0.12931028202666225
(HA2)11,E,W,-0.12931028202666225
278,N,E,-0.1294080513049776
307,R,H,-0.1294973479989284
280,E,Y,-0.1296893307911392
(HA2)209,A,D,-0.12991489013333538
(HA2)19,D,L,-0.13006366368085903
(HA2)169,N,V,-0.13032575868479893
328,T,W,-0.13040584679725659
324,P,I,-0.13040775291908113
92,K,W,-0.1308710808092886
170,N,D,-0.1346637708947877
83,K,A,-0.13468595252399748
168,M,T,-0.13486116025204417
162,P,I,-0.13496397346934758
227,P,D,-0.1352905267158662
41,E,D,-0.13571864653175286
5,G,I,-0.13684716308201916
(HA2)199,C,N,-0.13954631723510072
2,K,A,-0.13999644350901333
(HA2)197,L,R,-0.14015201850295758
(HA2)165,E,N,-0.1419341375876648
(HA2)111,T,A,-0.1434486558724625
(HA2)114,E,Y,-0.14405711217897127
(HA2)98,L,I,-0.14428259416168077
(HA2)22,Y,C,-0.14459298395353576
(HA2)111,T,C,-0.14508825628989225
224,R,V,-0.14632723175132217
(HA2)101,A,G,-0.14683282666189934
(HA2)65,Q,P,-0.14684524433642365
321,R,L,-0.14685249294635533
(HA2)41,T,V,-0.14761744481791797
(HA2)129,N,I,-0.14800097341681695
(HA2)110,L,Y,-0.14815592723785032
(HA2)59,T,N,-0.14840405055672212
(HA2)62,K,T,-0.14849789569415692
(HA2)54,R,A,-0.1485635554682476
(HA2)87,T,L,-0.14863754173959923
(HA2)71,S,A,-0.14864857529347691
(HA2)199,C,Y,-0.14905182574421239
225,N,P,-0.15062069553088667
(HA2)165,E,W,-0.150772317902589
(HA2)140,I,W,-0.1516623417342721
291,D,G,-0.15207822230780382
(HA2)134,G,D,-0.1525795268523342
189,K,P,-0.1529587910399904
(HA2)139,K,Y,-0.153111503800968
(HA2)65,Q,A,-0.15316430913219378
201,R,S,-0.15316661267814244
266,S,N,-0.1532007620574681
221,P,F,-0.15345675925353314
197,Q,E,-0.15354144192960364
245,I,N,-0.1536129471091576
254,P,G,-0.15362261352176865
242,I,C,-0.15370653420285457
235,T,S,-0.1538473094530948
264,K,A,-0.15406704205820765
252,I,M,-0.15411302400635826
217,I,P,-0.1541276239589345
199,S,Q,-0.15415690076377975
201,R,F,-0.15447755870726282
309,V,A,-0.15474452412532752
179,I,T,-0.15490804383324452
239,P,L,-0.15513190209007438
188,D,I,-0.1551742374151546
216,N,H,-0.15546281335478848
-6,L,M,-0.15574202232566733
-14,T,H,-0.1558709097643314
(HA2)32,R,V,-0.15598261695641524
292,K,R,-0.15615715475004274
(HA2)196,F,Y,-0.1561596859108012
15,L,V,-0.15623240179743872
(HA2)27,Q,W,-0.15629317033089274
36,V,R,-0.1566175805821759
70,L,V,-0.15662693368329456
-13,I,W,-0.15665119240063327
34,I,A,-0.1567378846877915
34,I,N,-0.1567378846877915
8,N,T,-0.15675462086987693
52,C,G,-0.1567759058311367
33,Q,V,-0.1569767073468011
(HA2)105,Q,R,-0.15713327334109983
29,I,M,-0.15719581687646228
238,K,R,-0.15720221132981613
134,G,V,-0.15831605356335615
126,N,S,-0.15844123610831687
(HA2)139,K,G,-0.1586883463164522
-5,C,S,-0.15932126108456252
-8,Y,P,-0.1613432101507423
(HA2)166,A,G,-0.16171613970977713
161,Y,I,-0.16206204904533988
(HA2)139,K,I,-0.16210733681813344
(HA2)131,E,K,-0.16259309273437184
169,P,L,-0.16269249411121228
133,N,K,-0.16285985424752367
53,D,G,-0.16288790270879971
304,A,D,-0.16356469633943427
121,N,M,-0.1642144630978061
96,N,M,-0.1649083509599835
143,S,F,-0.16492493419753285
(HA2)174,K,E,-0.1650414849858564
(HA2)89,I,G,-0.16713096714764075
(HA2)42,Q,A,-0.1676232320572872
(HA2)50,G,V,-0.16808322196755954
(HA2)218,N,V,-0.16858835457135368
126,N,D,-0.16884721210365652
(HA2)208,W,Y,-0.16961522001072468
277,C,F,-0.16966258676176732
135,T,P,-0.17075039982328086
(HA2)197,L,Q,-0.17161561551100193
(HA2)18,V,F,-0.17234286173622246
(HA2)162,Y,C,-0.17328193729271044
(HA2)150,G,R,-0.17363496749314342
66,L,P,-0.1757458938586801
(HA2)156,T,W,-0.17607396957440877
216,N,K,-0.17676223163368088
265,S,R,-0.17718066406790142
227,P,L,-0.17741346828286259
48,T,P,-0.17750047934223148
57,Q,A,-0.1787400550329931
(HA2)189,I,T,-0.1795722978858363
(HA2)154,N,Y,-0.17965152806053336
(HA2)61,E,D,-0.17969602687781483
280,E,L,-0.17980900654335627
-16,M,A,-0.18009943897698297
267,I,M,-0.18021364289064293
214,S,G,-0.18037398423817758
(HA2)153,R,I,-0.1810316718633022
261,R,L,-0.18107944601443174
8,N,H,-0.1812528876468494
47,S,G,-0.1815465785559423
(HA2)47,Q,A,-0.18194307373869797
(HA2)1,G,D,-0.18361325715964694
135,T,A,-0.1839340483006027
(HA2)135,N,A,-0.18507787217043317
55,P,H,-0.18584960929666952
(HA2)130,A,V,-0.18675349266686125
82,K,E,-0.18729239716188886
(HA2)98,L,R,-0.18743369514192168
(HA2)114,E,D,-0.18763932808613717
(HA2)113,S,V,-0.18788586916968206
(HA2)68,K,P,-0.1881361113124812
(HA2)127,R,A,-0.18824149052550118
(HA2)139,K,A,-0.18836635736767463
274,I,V,-0.18841094617042997
(HA2)125,Q,E,-0.1884186004213808
(HA2)64,H,G,-0.18846396374816202
(HA2)67,E,A,-0.18847921861998376
(HA2)60,N,A,-0.18856887671125602
(HA2)37,D,L,-0.1885742674967288
264,K,R,-0.1885891823640944
(HA2)118,L,P,-0.1886738813500552
(HA2)118,L,R,-0.1886738813500552
(HA2)95,N,P,-0.18871349066560558
193,F,Y,-0.18873072722716752
(HA2)94,Y,V,-0.18878977402956823
(HA2)104,N,T,-0.18887856777850368
(HA2)99,L,T,-0.189065780668563
(HA2)105,Q,L,-0.18908608074537311
(HA2)80,L,Q,-0.1891264100032213
(HA2)71,S,Y,-0.1891628582468844
(HA2)200,V,P,-0.18939151081535058
(HA2)38,L,G,-0.18964580496971875
(HA2)213,G,P,-0.19225993396311572
(HA2)113,S,N,-0.19238534332755852
(HA2)132,D,S,-0.19273114404215627
(HA2)69,E,D,-0.19295575142178523
(HA2)175,G,V,-0.19307103221503172
94,Y,K,-0.19319192353547834
(HA2)216,R,P,-0.19327696139780032
(HA2)88,K,A,-0.19346085700975396
(HA2)169,N,K,-0.19393911959847307
23,G,R,-0.1941705411702731
(HA2)98,L,Q,-0.19436845305437453
-14,T,D,-0.19438546274628335
43,V,T,-0.19445066144923806
-5,C,I,-0.19460945281650724
71,L,R,-0.19470282605011616
25,I,P,-0.19471707219357842
20,V,R,-0.19486612165306513
-9,S,C,-0.19495054367431605
9,S,M,-0.19512447154645102
67,I,N,-0.1952018834949792
75,Q,V,-0.19520939236548354
73,D,V,-0.19526795025424773
10,T,F,-0.19536473317733116
39,A,C,-0.1954229797958739
33,Q,T,-0.1954407566204318
27,K,N,-0.1954505747345456
14,C,G,-0.19555258348094084
(HA2)80,L,G,-0.19566756740466196
-2,F,Y,-0.1959295261007735
7,D,K,-0.1959306756976318
(HA2)105,Q,S,-0.1959651728114702
(HA2)162,Y,H,-0.19607284584156504
(HA2)211,Q,L,-0.19687459104069166
63,N,H,-0.1971184849609771
(HA2)71,S,L,-0.1977827652284701
144,K,A,-0.19789100596406378
319,G,E,-0.19795746284076537
(HA2)214,N,P,-0.19858778157838902
(HA2)207,M,V,-0.19866897475524076
185,P,T,-0.19910862930435572
97,C,R,-0.19920011487736616
116,G,T,-0.19932083403154086
5,G,V,-0.19933304360703077
222,R,W,-0.19949560023945426
91,S,A,-0.19951263228391156
166,V,S,-0.19954833654958415
97,C,I,-0.19954874565053807
259,K,Q,-0.1995780412398552
98,Y,G,-0.1995914407684186
131,T,N,-0.1995932898926963
131,T,V,-0.1995932898926963
(HA2)131,E,A,-0.19967960527528927
126,N,T,-0.19969486799133698
136,S,R,-0.19970089868702262
108,L,H,-0.19970947242469278
95,S,T,-0.1997699702256233
113,A,D,-0.1998159931382111
114,S,L,-0.19988155554177225
135,T,H,-0.19990463941436462
162,P,W,-0.19996264399051253
148,F,P,-0.19999667802418988
110,S,G,-0.20000955241389856
168,M,R,-0.2001036742880952
(HA2)43,A,E,-0.20012020696528812
82,K,Q,-0.20016286889718668
(HA2)146,N,G,-0.20054093738943646
(HA2)132,D,A,-0.20056463920614104
227,P,C,-0.20161606293053588
227,P,R,-0.20161606293053588
275,G,K,-0.20190713325018006
275,G,M,-0.20190713325018006
(HA2)52,L,R,-0.20219328220762392
-13,I,T,-0.2030266872017155
92,K,P,-0.20313524866611948
299,R,D,-0.20543922834328499
323,V,N,-0.20679617792124727
323,V,M,-0.20679617792124727
201,R,A,-0.20698503123333628
5,G,N,-0.20722024626404834
24,T,P,-0.20738273773745586
133,N,S,-0.2077555525029658
(HA2)144,C,Y,-0.20844472146886733
291,D,T,-0.20854292574447225
(HA2)34,Q,P,-0.20874623733721753
(HA2)34,Q,W,-0.20874623733721753
(HA2)28,N,C,-0.20885420801030072
(HA2)4,G,Q,-0.2089323401703133
(HA2)4,G,P,-0.2089323401703133
(HA2)4,G,Y,-0.2089323401703133
(HA2)4,G,H,-0.2089323401703133
(HA2)30,E,F,-0.2089795944599105
(HA2)30,E,T,-0.2089795944599105
(HA2)30,E,P,-0.2089795944599105
300,I,M,-0.20905316732832396
300,I,R,-0.20905316732832396
(HA2)6,I,A,-0.20913871581238974
(HA2)6,I,K,-0.20913871581238974
(HA2)6,I,C,-0.20913871581238974
(HA2)6,I,F,-0.20913871581238974
(HA2)8,G,L,-0.20915618400265024
(HA2)8,G,K,-0.20915618400265024
(HA2)8,G,R,-0.20915618400265024
(HA2)8,G,T,-0.20915618400265024
(HA2)8,G,F,-0.20915618400265024
(HA2)206,I,K,-0.2091835984678085
305,C,N,-0.20922284246159625
305,C,I,-0.20922284246159625
(HA2)5,A,R,-0.20922834209586946
(HA2)5,A,W,-0.20922834209586946
295,Q,H,-0.20922892459562933
295,Q,W,-0.20922892459562933
308,Y,L,-0.20923857015053507
273,P,G,-0.2092480213776322
273,P,T,-0.2092480213776322
(HA2)2,I,G,-0.20925133507653637
(HA2)2,I,K,-0.20925133507653637
(HA2)2,I,S,-0.20925133507653637
(HA2)2,I,W,-0.20925133507653637
321,R,G,-0.20925501374746283
282,I,F,-0.2092639857392049
(HA2)20,G,P,-0.20931451240440696
314,L,C,-0.2093178042240586
314,L,E,-0.2093178042240586
(HA2)3,F,R,-0.20931929439680994
(HA2)3,F,P,-0.20931929439680994
(HA2)3,F,M,-0.20931929439680994
(HA2)3,F,H,-0.20931929439680994
277,C,I,-0.20933332722377623
277,C,L,-0.20933332722377623
277,C,E,-0.20933332722377623
298,N,E,-0.20933441051050203
298,N,Y,-0.20933441051050203
(HA2)9,F,R,-0.209336856266183
311,Q,C,-0.20936354119827022
311,Q,M,-0.20936354119827022
311,Q,W,-0.20936354119827022
272,A,S,-0.2093635457092175
272,A,P,-0.2093635457092175
272,A,L,-0.2093635457092175
272,A,G,-0.2093635457092175
281,C,Q,-0.2093743072248848
281,C,P,-0.2093743072248848
281,C,D,-0.2093743072248848
320,M,R,-0.20938002028195407
320,M,E,-0.20938002028195407
320,M,A,-0.20938002028195407
285,N,Y,-0.2093855884933519
285,N,A,-0.2093855884933519
285,N,F,-0.2093855884933519
283,T,D,-0.20938743523432476
283,T,G,-0.20938743523432476
(HA2)25,R,T,-0.20939118606232998
(HA2)25,R,L,-0.20939118606232998
(HA2)25,R,N,-0.20939118606232998
(HA2)25,R,S,-0.20939118606232998
(HA2)33,G,K,-0.20941244327600836
297,V,T,-0.2094152796406594
297,V,K,-0.2094152796406594
297,V,P,-0.2094152796406594
297,V,Q,-0.2094152796406594
297,V,E,-0.2094152796406594
286,G,Y,-0.20941569317576053
(HA2)26,H,W,-0.20941707213670466
(HA2)26,H,V,-0.20941707213670466
(HA2)26,H,D,-0.20941707213670466
(HA2)26,H,P,-0.20941707213670466
322,N,R,-0.20942493070502807
322,N,H,-0.20942493070502807
322,N,A,-0.20942493070502807
322,N,I,-0.20942493070502807
293,P,M,-0.2094288271879087
293,P,N,-0.2094288271879087
(HA2)31,G,V,-0.20942929951347938
(HA2)31,G,P,-0.20942929951347938
(HA2)31,G,N,-0.20942929951347938
(HA2)31,G,F,-0.20942929951347938
306,P,Y,-0.20944394087437287
306,P,R,-0.20944394087437287
306,P,C,-0.20944394087437287
312,N,L,-0.2094469671808329
312,N,Y,-0.2094469671808329
319,G,D,-0.2094482433809492
(HA2)12,N,G,-0.2094750057895065
(HA2)12,N,L,-0.2094750057895065
290,N,C,-0.20947646368587036
290,N,L,-0.20947646368587036
290,N,K,-0.20947646368587036
(HA2)22,Y,Q,-0.20947713463816103
304,A,C,-0.20947975254578513
304,A,H,-0.20947975254578513
279,S,C,-0.20947993688761668
279,S,Q,-0.20947993688761668
270,S,R,-0.20949936790714568
270,S,I,-0.20949936790714568
271,D,V,-0.20951353226702088
271,D,K,-0.20951353226702088
302,Y,E,-0.2095145233168035
302,Y,A,-0.2095145233168035
(HA2)23,G,Q,-0.20952251444601605
(HA2)23,G,T,-0.20952251444601605
(HA2)23,G,R,-0.20952251444601605
(HA2)23,G,I,-0.20952251444601605
294,F,E,-0.20953985125899377
294,F,D,-0.20953985125899377
292,K,P,-0.20954780419210403
292,K,A,-0.20954780419210403
292,K,I,-0.20954780419210403
313,T,F,-0.20957043276491935
313,T,R,-0.20957043276491935
313,T,M,-0.20957043276491935
(HA2)14,W,F,-0.20957589389059328
(HA2)14,W,P,-0.20957589389059328
309,V,S,-0.20958367683926904
269,R,C,-0.20958771291837544
269,R,N,-0.20958771291837544
269,R,E,-0.20958771291837544
269,R,M,-0.20958771291837544
296,N,Q,-0.2095939623272948
296,N,I,-0.2095939623272948
296,N,Y,-0.2095939623272948
317,A,H,-0.20961145075821935
317,A,P,-0.20961145075821935
301,T,R,-0.2096152842625563
288,I,N,-0.20961779112415585
288,I,E,-0.20961779112415585
(HA2)1,G,T,-0.20961805729994382
(HA2)1,G,W,-0.20961805729994382
(HA2)13,G,W,-0.20963318137266157
(HA2)13,G,R,-0.20963318137266157
(HA2)13,G,Q,-0.20963318137266157
(HA2)13,G,F,-0.20963318137266157
318,T,G,-0.20967563314596094
315,K,Y,-0.20967571507645397
315,K,A,-0.20967571507645397
307,R,D,-0.20968484749573438
(HA2)24,F,V,-0.20969729333356565
(HA2)24,F,R,-0.20969729333356565
(HA2)24,F,P,-0.20969729333356565
278,N,Q,-0.2097011543861019
(HA2)21,W,E,-0.2097382012400001
(HA2)21,W,Y,-0.2097382012400001
(HA2)21,W,I,-0.2097382012400001
(HA2)21,W,H,-0.2097382012400001
(HA2)21,W,P,-0.2097382012400001
(HA2)21,W,C,-0.2097382012400001
303,G,Y,-0.20976769036895065
303,G,D,-0.20976769036895065
303,G,L,-0.20976769036895065
(HA2)10,I,F,-0.20977543916600125
(HA2)7,A,I,-0.20980089927474777
(HA2)7,A,K,-0.20980089927474777
289,P,K,-0.2098253799362474
280,E,T,-0.20999195219639
(HA2)162,Y,V,-0.20999388521473308
325,E,W,-0.21013386098835637
325,E,C,-0.21013386098835637
51,I,M,-0.2101841789519154
-6,L,H,-0.21025052473379893
328,T,C,-0.21026567092154794
(HA2)15,E,R,-0.2102868749561028
(HA2)213,G,L,-0.2103392490178903
327,Q,W,-0.21036076962825698
327,Q,C,-0.21036076962825698
324,P,C,-0.21043250441689962
324,P,T,-0.21043250441689962
(HA2)29,S,K,-0.21045321394974154
(HA2)17,M,E,-0.21063067967551904
(HA2)17,M,C,-0.21063067967551904
(HA2)17,M,Y,-0.21063067967551904
-4,L,M,-0.21091046567840951
(HA2)171,F,V,-0.21147396777050106
(HA2)18,V,D,-0.21158193218844676
(HA2)149,I,V,-0.21185230567939553
232,I,V,-0.21298422630421826
(HA2)196,F,M,-0.21305842365111943
(HA2)212,K,R,-0.21352887723706768
(HA2)141,Y,H,-0.21354562878141695
31,N,D,-0.21358324844296603
11,A,R,-0.21363539712176546
329,R,F,-0.21405539057780612
329,R,V,-0.21405539057780612
(HA2)209,A,E,-0.21411491334462399
186,G,F,-0.21471400112176597
293,P,T,-0.21475580799051083
(HA2)9,F,V,-0.21477101067063986
271,D,E,-0.2147855461809466
49,G,S,-0.21488137238226512
(HA2)23,G,C,-0.21490388383314157
278,N,K,-0.21496321837113316
307,R,N,-0.21520281474733907
326,K,M,-0.215235475907197
326,K,N,-0.215235475907197
326,K,H,-0.215235475907197
8,N,P,-0.2155976902094428
320,M,V,-0.21603982569834723
(HA2)166,A,R,-0.2164284294241648
325,E,A,-0.2166014909080089
(HA2)175,G,E,-0.21683178340853385
(HA2)57,G,P,-0.2170082527318796
292,K,N,-0.21788437458622315
289,P,H,-0.2189402816104338
282,I,L,-0.21943680269394022
104,D,N,-0.2201495591531758
248,T,I,-0.2202221827883101
(HA2)194,S,L,-0.22023518995964858
225,N,H,-0.22041644036767355
225,N,V,-0.22041644036767355
(HA2)43,A,R,-0.22111230715555327
160,K,N,-0.22150599394533582
210,Q,M,-0.2218833562132122
229,R,A,-0.22203553945526716
229,R,I,-0.22203553945526716
223,V,Y,-0.2220540599970914
218,G,C,-0.22211521370075166
(HA2)73,V,Q,-0.22234093562795687
248,T,E,-0.2224943513734411
248,T,D,-0.2224943513734411
(HA2)6,I,V,-0.22262046829914298
178,Y,N,-0.22266534088658746
178,Y,V,-0.22266534088658746
203,T,C,-0.22267346698561638
203,T,N,-0.22267346698561638
189,K,M,-0.22271611852721962
188,D,R,-0.2227854710624184
188,D,F,-0.2227854710624184
326,K,E,-0.2228982987790287
266,S,C,-0.22294525742036578
266,S,D,-0.22294525742036578
255,R,N,-0.22298669020264467
255,R,W,-0.22298669020264467
243,L,Q,-0.2230167831941716
243,L,G,-0.2230167831941716
243,L,Y,-0.2230167831941716
243,L,V,-0.2230167831941716
(HA2)208,W,V,-0.2230502747023173
256,G,A,-0.2231243635893349
190,D,V,-0.22314202700731697
190,D,H,-0.22314202700731697
213,V,S,-0.22314687614117018
213,V,C,-0.22314687614117018
221,P,H,-0.22317327436045145
221,P,K,-0.22317327436045145
221,P,W,-0.22317327436045145
221,P,R,-0.22317327436045145
233,Y,P,-0.22317827141343932
233,Y,E,-0.22317827141343932
233,Y,A,-0.22317827141343932
233,Y,Q,-0.22317827141343932
194,L,I,-0.22319360655484333
194,L,K,-0.22319360655484333
176,K,L,-0.22319377149722613
176,K,V,-0.22319377149722613
176,K,T,-0.22319377149722613
198,A,P,-0.22321443882604947
177,L,W,-0.22322130867975787
181,G,A,-0.22323999815275933
181,G,N,-0.22323999815275933
182,V,T,-0.2232419114404404
182,V,P,-0.2232419114404404
246,N,H,-0.2232607752646159
246,N,F,-0.2232607752646159
246,N,W,-0.2232607752646159
250,N,C,-0.22326210611051753
185,P,H,-0.22326413016216193
185,P,C,-0.22326413016216193
205,S,M,-0.22327687137961974
205,S,L,-0.22327687137961974
268,M,H,-0.22328717114681607
268,M,S,-0.22328717114681607
197,Q,P,-0.22329159627352554
(HA2)15,E,L,-0.22329257102827638
249,G,N,-0.22329455399361306
261,R,C,-0.22330915310293795
261,R,D,-0.22330915310293795
261,R,F,-0.22330915310293795
237,V,G,-0.22331980485283248
237,V,R,-0.22331980485283248
237,V,S,-0.22331980485283248
174,F,P,-0.2233205013374783
174,F,N,-0.2233205013374783
174,F,I,-0.2233205013374783
240,G,S,-0.2233287310834462
240,G,Q,-0.2233287310834462
240,G,D,-0.2233287310834462
211,Q,T,-0.22332897056606774
211,Q,S,-0.22332897056606774
211,Q,C,-0.22332897056606774
211,Q,P,-0.22332897056606774
263,G,T,-0.2233365423182641
254,P,K,-0.22334857285799467
175,D,L,-0.22335854448887846
175,D,A,-0.22335854448887846
212,I,P,-0.2233663746144208
212,I,N,-0.2233663746144208
212,I,G,-0.2233663746144208
212,I,C,-0.2233663746144208
204,V,G,-0.22337944069331028
204,V,R,-0.22337944069331028
265,S,V,-0.22338752642518378
257,Y,G,-0.22341277619799013
257,Y,I,-0.22341277619799013
257,Y,R,-0.22341277619799013
239,P,F,-0.22341737415154558
239,P,D,-0.22341737415154558
239,P,R,-0.22341737415154558
239,P,V,-0.22341737415154558
241,D,C,-0.22341969386832342
230,I,H,-0.2234218576802525
230,I,F,-0.2234218576802525
(HA2)7,A,E,-0.2234408275273649
242,I,G,-0.2234482338567771
242,I,R,-0.2234482338567771
180,W,M,-0.22348607919690736
236,I,K,-0.22349796292116628
236,I,D,-0.22349796292116628
200,G,Q,-0.22355746543228883
234,W,V,-0.22355963387250227
234,W,I,-0.22355963387250227
234,W,C,-0.22355963387250227
234,W,M,-0.22355963387250227
234,W,Q,-0.22355963387250227
202,I,Q,-0.22356418640148265
258,F,N,-0.22357105067164187
258,F,A,-0.22357105067164187
191,Q,F,-0.22357696646550532
187,T,I,-0.22358292986913078
187,T,G,-0.22358292986913078
259,K,D,-0.22364467981088146
259,K,F,-0.22364467981088146
259,K,N,-0.22364467981088146
260,I,P,-0.2236549836584283
260,I,W,-0.2236549836584283
260,I,Y,-0.2236549836584283
260,I,H,-0.2236549836584283
238,K,V,-0.22368696735207783
238,K,L,-0.22368696735207783
238,K,A,-0.22368696735207783
253,A,R,-0.2236946272909427
253,A,W,-0.2236946272909427
251,L,Q,-0.2237153843826374
232,I,A,-0.22371699005054685
217,I,Q,-0.22382164469611468
252,I,R,-0.22384036407175906
252,I,C,-0.22384036407175906
252,I,Y,-0.22384036407175906
199,S,F,-0.22389625068350943
199,S,H,-0.22389625068350943
199,S,M,-0.22389625068350943
199,S,D,-0.22389625068350943
(HA2)96,A,V,-0.22396753129899372
231,S,Q,-0.22397950557924662
231,S,H,-0.22397950557924662
195,Y,L,-0.22398592889006708
208,R,Q,-0.22404688192826758
208,R,C,-0.22404688192826758
208,R,P,-0.22404688192826758
201,R,C,-0.2242234642014861
(HA2)120,E,A,-0.22429550641585383
226,I,A,-0.2244045721425907
101,D,V,-0.22479228547889799
209,S,D,-0.22499890615278131
209,S,Y,-0.22499890615278131
209,S,I,-0.22499890615278131
216,N,M,-0.2251655146658926
-15,K,N,-0.22527391540375322
100,Y,H,-0.2254583728014952
(HA2)99,L,W,-0.2258274396922762
218,G,F,-0.2265024509189703
(HA2)209,A,T,-0.22683195051798896
(HA2)163,R,A,-0.22775519290407154
145,N,I,-0.22871151040118096
201,R,P,-0.2287214064919146
(HA2)158,D,K,-0.23016461293843504
(HA2)212,K,E,-0.23047046038648294
(HA2)220,C,R,-0.2304779016523937
(HA2)48,I,L,-0.2308459353785283
(HA2)170,R,N,-0.231023414785258
(HA2)157,Y,V,-0.23144505428922177
(HA2)206,I,Y,-0.23149003041990834
(HA2)208,W,S,-0.23177934883730852
(HA2)164,D,K,-0.2318821056856693
(HA2)172,Q,I,-0.23188839484193283
(HA2)172,Q,N,-0.23188839484193283
142,R,M,-0.23234623733270707
142,R,P,-0.23234623733270707
(HA2)181,G,H,-0.23238082238387284
107,S,Y,-0.23259593199280176
(HA2)219,I,F,-0.23275680656345832
(HA2)182,Y,A,-0.23305059414211995
(HA2)155,G,N,-0.23309980028033564
(HA2)154,N,K,-0.23313636566897847
82,K,M,-0.2332824699159313
118,L,R,-0.23331226240457623
(HA2)178,L,Q,-0.23336304600187507
(HA2)198,L,H,-0.23345205109406972
(HA2)198,L,N,-0.23345205109406972
(HA2)202,L,D,-0.23383412925793506
(HA2)205,F,Q,-0.23392207401590961
(HA2)167,L,G,-0.23407942443530433
(HA2)183,K,W,-0.2348063528778471
(HA2)185,W,P,-0.23486501398166237
96,N,K,-0.23498407756811013
(HA2)179,K,M,-0.2352031951603267
(HA2)168,N,A,-0.23524692038940798
(HA2)141,Y,R,-0.2352485371696487
(HA2)196,F,T,-0.23555962253118792
-6,L,V,-0.23572111096906379
(HA2)146,N,C,-0.23586481642829876
(HA2)199,C,V,-0.23592181602875284
107,S,T,-0.23604052249430676
(HA2)173,I,P,-0.23608748770205418
18,H,V,-0.23618242511451043
99,P,H,-0.23621403387805978
28,T,S,-0.2366172290516389
75,Q,N,-0.23674256649165834
(HA2)15,E,G,-0.23717624403895982
(HA2)184,D,T,-0.23732896552521224
(HA2)66,I,F,-0.23760645845571451
21,P,V,-0.2376382794329164
(HA2)160,D,V,-0.23857406843743997
(HA2)148,C,R,-0.23905943030911767
(HA2)206,I,R,-0.2393370631886462
241,D,G,-0.24004094118944783
(HA2)17,M,V,-0.240332170657773
(HA2)179,K,N,-0.24043983940651115
(HA2)52,L,F,-0.24067991204587355
(HA2)52,L,I,-0.24067991204587355
(HA2)53,N,E,-0.24105632588660933
(HA2)53,N,F,-0.24105632588660933
(HA2)53,N,P,-0.24105632588660933
(HA2)53,N,C,-0.24105632588660933
(HA2)101,A,P,-0.2419030539611282
(HA2)101,A,Y,-0.2419030539611282
(HA2)102,L,S,-0.24196534694158478
(HA2)102,L,E,-0.24196534694158478
(HA2)102,L,W,-0.24196534694158478
(HA2)65,Q,I,-0.24232309556182716
(HA2)65,Q,V,-0.24232309556182716
(HA2)114,E,W,-0.24252097664430336
(HA2)114,E,S,-0.24252097664430336
(HA2)113,S,Y,-0.2427350870824743
(HA2)86,D,F,-0.24280588783795506
(HA2)86,D,K,-0.24280588783795506
(HA2)86,D,L,-0.24280588783795506
(HA2)86,D,Y,-0.24280588783795506
(HA2)86,D,C,-0.24280588783795506
(HA2)61,E,C,-0.24303018996745784
(HA2)61,E,Y,-0.24303018996745784
(HA2)68,K,H,-0.24303618977346927
(HA2)68,K,D,-0.24303618977346927
(HA2)68,K,F,-0.24303618977346927
(HA2)98,L,T,-0.24304748581871713
(HA2)82,K,I,-0.24306983210496877
(HA2)41,T,H,-0.2430706892454424
(HA2)112,D,L,-0.2431533005545473
(HA2)112,D,P,-0.2431533005545473
(HA2)112,D,T,-0.2431533005545473
(HA2)115,M,R,-0.24318421707176743
(HA2)115,M,N,-0.24318421707176743
(HA2)115,M,K,-0.24318421707176743
(HA2)115,M,A,-0.24318421707176743
(HA2)78,Q,I,-0.2431883502563249
(HA2)48,I,N,-0.24319198338249778
(HA2)96,A,R,-0.24319554377885172
(HA2)96,A,I,-0.24319554377885172
(HA2)96,A,S,-0.24319554377885172
(HA2)125,Q,T,-0.24323789559028475
(HA2)125,Q,W,-0.24323789559028475
(HA2)63,F,C,-0.24325072011386484
(HA2)81,E,S,-0.24326423736826608
(HA2)81,E,Y,-0.24326423736826608
(HA2)72,E,R,-0.24328361592611017
(HA2)72,E,I,-0.24328361592611017
(HA2)72,E,T,-0.24328361592611017
(HA2)126,L,G,-0.24333984832719074
(HA2)85,E,S,-0.24334119321449013
(HA2)85,E,M,-0.24334119321449013
(HA2)85,E,H,-0.24334119321449013
(HA2)76,R,N,-0.24334232935165487
(HA2)74,E,M,-0.24335596080342034
(HA2)74,E,L,-0.24335596080342034
(HA2)83,Y,R,-0.24337113948656983
(HA2)83,Y,M,-0.24337113948656983
(HA2)83,Y,G,-0.24337113948656983
(HA2)83,Y,A,-0.24337113948656983
(HA2)44,A,N,-0.24337744353859853
(HA2)64,H,K,-0.24338198821750082
(HA2)64,H,C,-0.24338198821750082
(HA2)67,E,F,-0.24338871783159852
(HA2)67,E,N,-0.24338871783159852
(HA2)129,N,A,-0.2434017306532448
(HA2)129,N,G,-0.2434017306532448
(HA2)129,N,P,-0.2434017306532448
(HA2)37,D,C,-0.24342725443524077
(HA2)37,D,R,-0.24342725443524077
(HA2)40,S,Y,-0.24342839237552835
(HA2)100,V,L,-0.24343191735222328
(HA2)100,V,Y,-0.24343191735222328
(HA2)100,V,H,-0.24343191735222328
(HA2)100,V,C,-0.24343191735222328
(HA2)97,E,R,-0.24343975646690885
(HA2)97,E,I,-0.24343975646690885
(HA2)118,L,Q,-0.2434399325837522
(HA2)118,L,G,-0.2434399325837522
(HA2)117,K,I,-0.24344744687278091
(HA2)117,K,F,-0.24344744687278091
(HA2)117,K,V,-0.24344744687278091
(HA2)117,K,D,-0.24344744687278091
(HA2)117,K,M,-0.24344744687278091
(HA2)69,E,T,-0.2434548977181781
(HA2)69,E,W,-0.2434548977181781
(HA2)69,E,N,-0.2434548977181781
(HA2)93,S,F,-0.2434575135383798
(HA2)93,S,Q,-0.2434575135383798
(HA2)111,T,M,-0.24348845101218553
(HA2)111,T,P,-0.24348845101218553
(HA2)111,T,V,-0.24348845101218553
(HA2)95,N,C,-0.24349060829207897
(HA2)95,N,E,-0.24349060829207897
(HA2)119,F,T,-0.24352253163773355
(HA2)119,F,R,-0.24352253163773355
(HA2)123,K,G,-0.243536953186602
(HA2)121,K,C,-0.2435388204686558
(HA2)110,L,R,-0.24355442035206165
(HA2)94,Y,Q,-0.24357144262172503
(HA2)94,Y,S,-0.24357144262172503
(HA2)94,Y,A,-0.24357144262172503
(HA2)45,I,F,-0.24357815386673284
(HA2)56,I,E,-0.24358433389799916
(HA2)56,I,F,-0.24358433389799916
(HA2)56,I,Y,-0.24358433389799916
(HA2)104,N,L,-0.24359554772271547
(HA2)104,N,Y,-0.24359554772271547
(HA2)57,G,Q,-0.24359881684078874
(HA2)57,G,Y,-0.24359881684078874
(HA2)89,I,K,-0.2436235921924071
(HA2)89,I,D,-0.2436235921924071
(HA2)35,A,D,-0.2436333833300117
(HA2)35,A,R,-0.2436333833300117
(HA2)35,A,M,-0.2436333833300117
(HA2)128,E,I,-0.24367502653484632
(HA2)128,E,V,-0.24367502653484632
(HA2)128,E,W,-0.24367502653484632
(HA2)128,E,R,-0.24367502653484632
(HA2)103,E,F,-0.24370717880503442
(HA2)58,K,M,-0.24370735654928888
(HA2)58,K,V,-0.24370735654928888
(HA2)58,K,L,-0.24370735654928888
(HA2)58,K,G,-0.24370735654928888
(HA2)58,K,I,-0.24370735654928888
(HA2)120,E,C,-0.2437141789420235
(HA2)120,E,W,-0.2437141789420235
(HA2)47,Q,W,-0.2437342182783731
(HA2)51,K,T,-0.24376551796755072
(HA2)51,K,C,-0.24376551796755072
(HA2)75,G,D,-0.2437729064209404
(HA2)75,G,N,-0.2437729064209404
(HA2)109,D,V,-0.24377869276723427
(HA2)109,D,F,-0.24377869276723427
(HA2)50,G,I,-0.24379691562253833
(HA2)50,G,L,-0.24379691562253833
(HA2)50,G,Y,-0.24379691562253833
(HA2)50,G,S,-0.24379691562253833
(HA2)50,G,N,-0.24379691562253833
(HA2)105,Q,P,-0.24381192780590474
(HA2)105,Q,T,-0.24381192780590474
(HA2)59,T,L,-0.24382239132527897
(HA2)59,T,W,-0.24382239132527897
(HA2)122,T,S,-0.24382646631178181
(HA2)124,K,P,-0.2438273733633091
(HA2)99,L,Y,-0.24385757119864396
(HA2)99,L,C,-0.24385757119864396
(HA2)43,A,F,-0.24385960292763545
(HA2)43,A,P,-0.24385960292763545
(HA2)42,Q,L,-0.2438780977754093
(HA2)62,K,A,-0.24393088232768328
(HA2)80,L,D,-0.24394377850009497
(HA2)54,R,Y,-0.24396613796459124
(HA2)54,R,H,-0.24396613796459124
(HA2)71,S,N,-0.24403689518734886
(HA2)71,S,M,-0.24403689518734886
(HA2)71,S,C,-0.24403689518734886
(HA2)90,D,R,-0.24406366216472328
(HA2)90,D,H,-0.24406366216472328
(HA2)90,D,Q,-0.24406366216472328
(HA2)46,D,I,-0.24410291976655443
(HA2)87,T,Y,-0.24411203219842562
(HA2)87,T,E,-0.24411203219842562
(HA2)87,T,Q,-0.24411203219842562
(HA2)87,T,H,-0.24411203219842562
(HA2)87,T,M,-0.24411203219842562
(HA2)116,N,F,-0.24438110129153384
(HA2)116,N,H,-0.24438110129153384
(HA2)98,L,Y,-0.244384265930239
(HA2)98,L,N,-0.244384265930239
(HA2)92,W,N,-0.2447160339645857
264,K,T,-0.24497054681677816
281,C,Y,-0.24546271266584135
137,S,A,-0.2455770494349419
148,F,L,-0.24619625731731615
26,V,S,-0.24631126708314252
(HA2)185,W,C,-0.2464522434381013
76,C,W,-0.24655653344213865
76,C,K,-0.24655653344213865
76,C,M,-0.24655653344213865
-14,T,Q,-0.24663479366428634
43,V,D,-0.24664987954029935
-5,C,A,-0.24682492956572893
-5,C,P,-0.24682492956572893
-5,C,N,-0.24682492956572893
71,L,V,-0.24688679400650423
18,H,M,-0.24688961109138136
18,H,D,-0.24688961109138136
62,K,C,-0.24693000759747408
62,K,F,-0.24693000759747408
77,D,Q,-0.2469399058367921
25,I,W,-0.24695080493324198
25,I,D,-0.24695080493324198
-4,L,H,-0.24697340433676565
-4,L,Y,-0.24697340433676565
-4,L,D,-0.24697340433676565
15,L,T,-0.247024359648877
12,T,R,-0.24703007638448762
12,T,S,-0.24703007638448762
12,T,H,-0.24703007638448762
64,C,H,-0.24703121309995413
64,C,W,-0.24703121309995413
64,C,L,-0.24703121309995413
3,L,G,-0.24704134600805033
38,N,L,-0.24705996616007922
38,N,Y,-0.24705996616007922
38,N,G,-0.24705996616007922
45,S,D,-0.2470652332471367
45,S,E,-0.2470652332471367
11,A,P,-0.2470812503084568
11,A,Q,-0.2470812503084568
11,A,W,-0.2470812503084568
49,G,I,-0.247087321325375
54,S,F,-0.24709252434755238
-11,A,H,-0.247112784149396
20,V,P,-0.24711807807042283
20,V,F,-0.24711807807042283
52,C,V,-0.24716213698710268
52,C,E,-0.24716213698710268
52,C,A,-0.24716213698710268
-9,S,H,-0.2471625440012938
-9,S,F,-0.2471625440012938
(HA2)106,H,M,-0.24718058113952215
61,G,T,-0.24718965400260046
30,T,Q,-0.2472015518029072
30,T,W,-0.2472015518029072
37,T,F,-0.2472510174866739
37,T,M,-0.2472510174866739
19,A,G,-0.24725373882108284
19,A,Y,-0.24725373882108284
70,L,R,-0.2472629467321917
70,L,H,-0.2472629467321917
70,L,S,-0.2472629467321917
36,V,M,-0.24727108826180194
68,D,I,-0.24727668189876065
78,D,R,-0.24728510594533382
13,L,I,-0.24729320230885318
121,N,R,-0.24731996169607265
28,T,V,-0.24732281195322892
47,S,E,-0.24732562646895856
67,I,W,-0.24733099368845662
67,I,G,-0.24733099368845662
67,I,Y,-0.24733099368845662
9,S,W,-0.24733918701695407
-12,I,K,-0.24734085997501254
-12,I,S,-0.24734085997501254
-12,I,L,-0.24734085997501254
80,Q,C,-0.24736902110559597
80,Q,T,-0.24736902110559597
75,Q,S,-0.24742611980535148
75,Q,M,-0.24742611980535148
75,Q,D,-0.24742611980535148
22,N,G,-0.2474567243855534
34,I,H,-0.24746114699259492
31,N,F,-0.24746281278396026
31,N,W,-0.24746281278396026
42,L,Y,-0.24747834684189243
40,T,C,-0.2474929926318192
40,T,N,-0.2474929926318192
46,S,H,-0.24750732837715914
46,S,C,-0.24750732837715914
10,T,C,-0.2475252470245887
60,D,M,-0.24753146934891665
39,A,W,-0.2475459609497851
39,A,M,-0.2475459609497851
27,K,Q,-0.24766675551528752
27,K,D,-0.24766675551528752
27,K,G,-0.24766675551528752
-1,A,C,-0.24771388514322687
14,C,P,-0.24772710083802252
14,C,I,-0.24772710083802252
59,L,R,-0.247754464833071
59,L,N,-0.247754464833071
5,G,M,-0.24782793577425422
5,G,K,-0.24782793577425422
29,I,H,-0.2478663214146663
41,E,C,-0.24788890868545038
41,E,Q,-0.24788890868545038
41,E,S,-0.24788890868545038
69,A,F,-0.24789203923247705
69,A,I,-0.24789203923247705
69,A,N,-0.24789203923247705
69,A,L,-0.24789203923247705
(HA2)136,G,C,-0.2479165325907011
35,E,P,-0.24792382767740945
144,K,I,-0.24794589241292017
144,K,D,-0.24794589241292017
24,T,W,-0.24796216212646766
24,T,Y,-0.24796216212646766
24,T,G,-0.24796216212646766
7,D,Q,-0.24809275215118454
56,H,A,-0.24816722709792916
-7,I,C,-0.2483039554036016
-7,I,K,-0.2483039554036016
(HA2)88,K,Y,-0.24838118834175296
(HA2)88,K,W,-0.24838118834175296
48,T,Y,-0.24849777225300013
72,G,N,-0.24857311914786617
72,G,L,-0.24857311914786617
72,G,T,-0.24857311914786617
72,G,Y,-0.24857311914786617
44,Q,P,-0.24866223308050228
44,Q,W,-0.24866223308050228
44,Q,Y,-0.24866223308050228
79,F,H,-0.2488596036401886
157,L,C,-0.24889936664482779
-3,V,D,-0.24892787867220345
23,G,S,-0.24897783198163517
161,Y,L,-0.249042501772093
161,Y,K,-0.249042501772093
101,D,L,-0.24923138634588313
101,D,Y,-0.24923138634588313
63,N,F,-0.24926528336460368
171,N,E,-0.24935472652644244
171,N,P,-0.24935472652644244
171,N,A,-0.24935472652644244
58,I,N,-0.24939123028508622
58,I,E,-0.24939123028508622
116,G,R,-0.24945177727030643
116,G,L,-0.24945177727030643
(HA2)32,R,L,-0.24946371606497061
100,Y,K,-0.2495047783923648
100,Y,M,-0.2495047783923648
107,S,R,-0.24964235081495229
107,S,Q,-0.24964235081495229
107,S,D,-0.24964235081495229
107,S,G,-0.24964235081495229
107,S,I,-0.24964235081495229
166,V,G,-0.2496516433419016
166,V,N,-0.2496516433419016
166,V,Y,-0.2496516433419016
91,S,Q,-0.24966382447724453
91,S,F,-0.24966382447724453
84,W,S,-0.24969951747321315
84,W,M,-0.24969951747321315
84,W,N,-0.24969951747321315
84,W,V,-0.24969951747321315
90,R,Q,-0.24970398640292032
151,L,M,-0.24971089227962173
151,L,C,-0.24971089227962173
151,L,A,-0.24971089227962173
97,C,V,-0.24972819032931365
97,C,G,-0.24972819032931365
99,P,G,-0.24973022767730985
99,P,I,-0.24973022767730985
99,P,V,-0.24973022767730985
120,F,G,-0.24974396674461893
98,Y,Q,-0.2497595269936659
98,Y,D,-0.2497595269936659
146,S,L,-0.24978089207460494
146,S,D,-0.24978089207460494
146,S,P,-0.24978089207460494
125,F,A,-0.249798119927848
154,L,N,-0.24980212004935753
158,N,Q,-0.24980323240801916
169,P,W,-0.24981434966776045
169,P,E,-0.24981434966776045
169,P,V,-0.24981434966776045
169,P,A,-0.24981434966776045
131,T,P,-0.24981887068702652
131,T,Y,-0.24981887068702652
131,T,E,-0.24981887068702652
105,Y,I,-0.2498195256957105
87,F,P,-0.24984480307786605
87,F,M,-0.24984480307786605
87,F,R,-0.24984480307786605
153,W,K,-0.24985046058679958
153,W,I,-0.24985046058679958
153,W,C,-0.24985046058679958
153,W,A,-0.24985046058679958
108,L,W,-0.24985736151019478
140,I,A,-0.24985821231982364
140,I,E,-0.24985821231982364
126,N,H,-0.24987202370462977
126,N,E,-0.24987202370462977
126,N,W,-0.24987202370462977
136,S,W,-0.24987308718024803
112,V,D,-0.24987348682238725
112,V,G,-0.24987348682238725
113,A,N,-0.24989588829948514
165,N,R,-0.24989609168260624
165,N,G,-0.24989609168260624
165,N,H,-0.24989609168260624
165,N,L,-0.24989609168260624
134,G,A,-0.24990333357550173
134,G,D,-0.24990333357550173
134,G,L,-0.24990333357550173
104,D,Q,-0.24990473875140132
104,D,L,-0.24990473875140132
152,N,I,-0.2499077260032547
152,N,L,-0.2499077260032547
162,P,M,-0.24993214905576053
162,P,N,-0.24993214905576053
162,P,K,-0.24993214905576053
162,P,H,-0.24993214905576053
162,P,D,-0.24993214905576053
172,E,N,-0.24993308147805837
172,E,R,-0.24993308147805837
147,F,V,-0.24993980305644461
147,F,T,-0.24993980305644461
147,F,P,-0.24993980305644461
147,F,N,-0.24993980305644461
85,D,Y,-0.2499460804232908
115,S,G,-0.2499510859339533
115,S,I,-0.2499510859339533
115,S,L,-0.2499510859339533
115,S,V,-0.2499510859339533
115,S,C,-0.2499510859339533
103,P,C,-0.24995529987540194
124,S,C,-0.24995566907392433
124,S,T,-0.24995566907392433
114,S,I,-0.24995725204894015
114,S,R,-0.24995725204894015
119,E,Y,-0.24995851781010542
119,E,S,-0.24995851781010542
95,S,F,-0.2499598107082215
130,V,R,-0.24997941517362515
130,V,N,-0.24997941517362515
129,G,Y,-0.2499807019405093
141,R,L,-0.24998928597180423
118,L,F,-0.25000341337021825
118,L,K,-0.25000341337021825
118,L,T,-0.25000341337021825
139,C,I,-0.25002859765285074
139,C,Q,-0.25002859765285074
139,C,T,-0.25002859765285074
139,C,W,-0.25002859765285074
133,N,F,-0.2500336070097166
127,W,Q,-0.2500411976870122
127,W,A,-0.2500411976870122
127,W,P,-0.2500411976870122
127,W,V,-0.2500411976870122
127,W,Y,-0.2500411976870122
111,L,H,-0.2500491629852615
111,L,R,-0.2500491629852615
111,L,Q,-0.2500491629852615
111,L,M,-0.2500491629852615
170,N,T,-0.25005510493090083
170,N,G,-0.25005510493090083
117,T,H,-0.2500556333233735
102,V,N,-0.2500730320238664
102,V,Y,-0.2500730320238664
102,V,P,-0.2500730320238664
46,S,E,-0.2500871391520471
35,E,K,-0.25011239865368196
57,Q,F,-0.2501167712109408
148,F,Q,-0.2501241291977335
148,F,D,-0.2501241291977335
148,F,N,-0.2501241291977335
(HA2)141,Y,P,-0.25012828952622335
88,V,H,-0.2501290414280531
88,V,E,-0.2501290414280531
86,L,Y,-0.25013985162398705
86,L,W,-0.25013985162398705
86,L,N,-0.25013985162398705
86,L,T,-0.25013985162398705
86,L,Q,-0.25013985162398705
86,L,D,-0.25013985162398705
83,K,P,-0.25015245642066625
83,K,F,-0.25015245642066625
83,K,L,-0.25015245642066625
110,S,N,-0.25017630969281185
110,S,Y,-0.25017630969281185
110,S,C,-0.25017630969281185
81,N,V,-0.25019482711068897
81,N,M,-0.25019482711068897
123,E,Y,-0.2502082233099803
123,E,S,-0.2502082233099803
123,E,D,-0.2502082233099803
168,M,S,-0.2502532854926327
173,Q,Y,-0.2502944773977829
106,A,C,-0.2503587401177034
106,A,N,-0.2503587401177034
106,A,Y,-0.2503587401177034
82,K,D,-0.2503589968584285
82,K,H,-0.2503589968584285
82,K,F,-0.2503589968584285
82,K,G,-0.2503589968584285
82,K,P,-0.2503589968584285
167,T,K,-0.2503720934033528
155,T,P,-0.25037260571423264
138,A,C,-0.2503759167802112
138,A,G,-0.2503759167802112
149,S,M,-0.250451847786078
163,A,Q,-0.25052858503483116
122,N,W,-0.25057937242699063
122,N,F,-0.25057937242699063
156,H,K,-0.25062998400576897
156,H,E,-0.25062998400576897
156,H,M,-0.25062998400576897
156,H,C,-0.25062998400576897
143,S,H,-0.2519893582617382
96,N,I,-0.25200933025037975
96,N,L,-0.25200933025037975
96,N,E,-0.25200933025037975
164,L,T,-0.25202189378716827
164,L,D,-0.25202189378716827
314,L,M,-0.25212099977007535
21,P,F,-0.25222640819516545
21,P,N,-0.25222640819516545
218,G,I,-0.25301805556277573
262,S,I,-0.25314016464314104
262,S,V,-0.25314016464314104
92,K,C,-0.25329822243689604
188,D,P,-0.25341413268197194
255,R,S,-0.2536390219263428
1,Q,I,-0.2540122903247658
174,F,V,-0.2540202093704654
254,P,L,-0.25408649090644403
267,I,R,-0.25436373471098
264,K,S,-0.2545033741479989
101,D,N,-0.2545340828928918
208,R,F,-0.2548644149794687
(HA2)191,F,I,-0.25513844850901585
(HA2)166,A,H,-0.2553344362022059
(HA2)166,A,M,-0.2553344362022059
(HA2)166,A,Q,-0.2553344362022059
209,S,E,-0.2558286666009594
(HA2)127,R,W,-0.2562007510178181
(HA2)216,R,W,-0.25639169927012995
(HA2)66,I,T,-0.25643202724643227
(HA2)74,E,A,-0.2564506562786447
(HA2)111,T,N,-0.25655261361559645
8,N,G,-0.2570302389785942
34,I,V,-0.2570631461253716
(HA2)90,D,Y,-0.25709269501517984
91,S,C,-0.2571258883906459
(HA2)46,D,V,-0.2572209764188551
222,R,V,-0.25811076300782704
48,T,F,-0.258497866322134
(HA2)141,Y,F,-0.2587188604385509
(HA2)147,A,F,-0.2587400312777241
(HA2)87,T,A,-0.25918903368521967
(HA2)187,L,G,-0.25925467966128046
(HA2)130,A,G,-0.2593160811260733
(HA2)202,L,M,-0.2593917209465245
(HA2)104,N,S,-0.2596724983774907
40,T,A,-0.25970894056702776
(HA2)202,L,S,-0.25979559479852027
(HA2)156,T,C,-0.26006157374255523
(HA2)156,T,H,-0.26006157374255523
62,K,G,-0.2601065413105089
-2,F,V,-0.2603926121753927
-16,M,P,-0.260682740857717
(HA2)158,D,L,-0.2607413637619851
(HA2)158,D,F,-0.2607413637619851
(HA2)101,A,Q,-0.2611020578601556
201,R,L,-0.2612141671513793
(HA2)170,R,V,-0.26146004872296624
(HA2)212,K,Y,-0.2617661478738915
(HA2)212,K,D,-0.2617661478738915
(HA2)157,Y,P,-0.26199360572648556
(HA2)157,Y,N,-0.26199360572648556
(HA2)83,Y,F,-0.2619967569487967
(HA2)79,D,L,-0.2620581983012485
(HA2)125,Q,A,-0.2620786485661413
(HA2)191,F,E,-0.26221239962875015
(HA2)209,A,Q,-0.2622183477352401
(HA2)164,D,M,-0.2623701751915986
(HA2)172,Q,M,-0.26239829438941054
17,H,V,-0.2624746241448403
(HA2)217,C,W,-0.2627086190187962
(HA2)186,I,C,-0.2628006870148295
(HA2)165,E,I,-0.26282677516952635
(HA2)181,G,Y,-0.26288057176554497
(HA2)181,G,C,-0.26288057176554497
(HA2)160,D,H,-0.26292591575697316
(HA2)188,W,C,-0.2629889872132657
(HA2)190,S,T,-0.26304411940234773
(HA2)190,S,W,-0.26304411940234773
(HA2)116,N,V,-0.2630703169979061
(HA2)194,S,T,-0.26307075682635866
(HA2)194,S,W,-0.26307075682635866
(HA2)192,A,G,-0.2631008511560927
(HA2)192,A,P,-0.2631008511560927
(HA2)132,D,H,-0.2631042954529595
(HA2)132,D,R,-0.2631042954529595
(HA2)210,C,E,-0.263113599055706
(HA2)189,I,G,-0.26312207859846015
(HA2)162,Y,S,-0.26315736541824275
(HA2)175,G,A,-0.26317175500814044
(HA2)220,C,V,-0.2631761759069228
(HA2)220,C,P,-0.2631761759069228
(HA2)220,C,W,-0.2631761759069228
(HA2)220,C,M,-0.2631761759069228
(HA2)220,C,T,-0.2631761759069228
(HA2)138,F,G,-0.26324278967231474
(HA2)138,F,K,-0.26324278967231474
(HA2)152,I,G,-0.2633297645905596
(HA2)213,G,H,-0.26335339136591646
(HA2)213,G,T,-0.26335339136591646
(HA2)174,K,G,-0.2633544925285008
(HA2)219,I,G,-0.26337887289907774
(HA2)219,I,P,-0.26337887289907774
(HA2)221,I,A,-0.2633902171508797
(HA2)221,I,G,-0.2633902171508797
(HA2)203,L,D,-0.26340459799813415
(HA2)203,L,Q,-0.26340459799813415
(HA2)203,L,P,-0.26340459799813415
(HA2)216,R,Y,-0.26349361742172805
(HA2)198,L,Q,-0.26349748025719416
11,A,V,-0.26354651501501225
(HA2)140,I,G,-0.2635537116015288
(HA2)135,N,V,-0.26359946838872006
(HA2)218,N,H,-0.26361786934696685
(HA2)218,N,F,-0.26361786934696685
(HA2)204,G,D,-0.26367928865176676
(HA2)204,G,F,-0.26367928865176676
(HA2)215,I,L,-0.26371233740233907
(HA2)215,I,A,-0.26371233740233907
(HA2)215,I,Y,-0.26371233740233907
(HA2)197,L,D,-0.26371875307775033
(HA2)161,V,P,-0.26372075681270496
(HA2)161,V,Y,-0.26372075681270496
(HA2)201,A,Y,-0.26372949506616744
(HA2)154,N,A,-0.2637299223128217
(HA2)176,V,T,-0.2637399288582339
(HA2)178,L,F,-0.2638327653951572
(HA2)178,L,W,-0.2638327653951572
(HA2)182,Y,W,-0.2638805022783769
(HA2)211,Q,Y,-0.2640023209284838
(HA2)211,Q,G,-0.2640023209284838
(HA2)169,N,P,-0.26409377918405175
(HA2)169,N,F,-0.26409377918405175
(HA2)214,N,K,-0.2642126547886818
(HA2)205,F,P,-0.26423230884611687
(HA2)205,F,M,-0.26423230884611687
(HA2)159,H,L,-0.26425088353900245
(HA2)159,H,V,-0.26425088353900245
(HA2)202,L,I,-0.2643001420357872
(HA2)200,V,Q,-0.2643060915809052
(HA2)145,D,A,-0.2643215962859761
(HA2)145,D,I,-0.2643215962859761
(HA2)145,D,V,-0.2643215962859761
(HA2)171,F,A,-0.2644388985039085
(HA2)171,F,I,-0.2644388985039085
(HA2)208,W,M,-0.2644866654743832
(HA2)208,W,D,-0.2644866654743832
(HA2)177,E,Q,-0.26455113189345236
(HA2)130,A,E,-0.2646390532550216
(HA2)130,A,R,-0.2646390532550216
(HA2)149,I,Y,-0.26494628297022205
(HA2)185,W,F,-0.2651102721358086
(HA2)185,W,Y,-0.2651102721358086
(HA2)163,R,V,-0.26570364215878317
78,D,E,-0.26571312944856496
(HA2)168,N,Y,-0.2657776044200153
(HA2)141,Y,E,-0.26578793674030665
(HA2)141,Y,G,-0.26578793674030665
(HA2)184,D,W,-0.265792280513295
(HA2)184,D,Q,-0.265792280513295
(HA2)184,D,P,-0.265792280513295
(HA2)206,I,S,-0.26611885064717283
(HA2)150,G,F,-0.26634038735109145
(HA2)146,N,E,-0.2664411830954992
(HA2)173,I,C,-0.2665415770355632
(HA2)151,S,Y,-0.26693738983115073
(HA2)151,S,I,-0.26693738983115073
(HA2)151,S,G,-0.26693738983115073
(HA2)209,A,M,-0.26709943553196375
(HA2)136,G,N,-0.2671736682556694
(HA2)29,S,C,-0.26731045971840955
(HA2)144,C,E,-0.26769049516155685
262,S,N,-0.2681666924657357
(HA2)202,L,R,-0.2682819514116864
189,K,E,-0.2683932372186505
(HA2)32,R,G,-0.26886722126937374
320,M,T,-0.2691538986285681
301,T,A,-0.2692313912734848
(HA2)65,Q,R,-0.2693419276701661
317,A,E,-0.2694442147468102
(HA2)68,K,R,-0.2700272252988505
303,G,W,-0.27026323748524483
190,D,G,-0.27061926127429115
(HA2)92,W,C,-0.2707000003557
205,S,A,-0.2708881164350918
201,R,N,-0.27168564225046604
108,L,I,-0.27207243255471264
-16,M,D,-0.272143031292685
150,R,I,-0.2721648283165679
215,P,H,-0.27241795570967825
-6,L,S,-0.27266392747778373
-6,L,I,-0.27266392747778373
(HA2)170,R,D,-0.27310511180467767
25,I,H,-0.2731499614693903
25,I,S,-0.2731499614693903
208,R,V,-0.27320223205036354
3,L,S,-0.2732759364541938
54,S,E,-0.27366180870278656
33,Q,E,-0.2739671743095851
-2,F,C,-0.2744253895480057
-2,F,H,-0.2744253895480057
(HA2)218,N,A,-0.27489802656053336
6,N,S,-0.27490813591505125
(HA2)28,N,I,-0.275151139693305
279,S,F,-0.2757460979718243
(HA2)15,E,C,-0.27699804250152466
328,T,I,-0.27798821721337347
325,E,F,-0.27807413524447055
(HA2)18,V,P,-0.2784929430888315
127,W,C,-0.27935095757335127
(HA2)201,A,K,-0.2812024001881557
101,D,S,-0.2813458634142521
100,Y,S,-0.28143589685620873
129,G,R,-0.2814981557534617
(HA2)144,C,P,-0.2833626970072354
(HA2)22,Y,H,-0.28667440841628977
48,T,G,-0.2868593022475803
(HA2)185,W,S,-0.28709847016514534
(HA2)2,I,M,-0.28832907581596556
165,N,D,-0.2886017005956412
323,V,Y,-0.28868567019461194
(HA2)17,M,I,-0.28899622266137776
(HA2)178,L,P,-0.28919014631871987
32,D,E,-0.29029735396883166
(HA2)28,N,G,-0.2907578986662894
310,K,Y,-0.29080046078882044
(HA2)30,E,I,-0.29098917049895645
308,Y,A,-0.29113569959308266
295,Q,I,-0.2911430951480582
93,A,T,-0.29119248557282723
(HA2)59,T,I,-0.29119272726165335
321,R,D,-0.291208483602057
298,N,Q,-0.29126295387249956
322,N,T,-0.2913286805271418
281,C,R,-0.29133931829598664
(HA2)9,F,M,-0.2913454653546347
(HA2)6,I,M,-0.29141224947250777
294,F,G,-0.29143937529627456
302,Y,V,-0.2914408706955316
318,T,M,-0.29154545706786367
(HA2)14,W,C,-0.2915499325456667
309,V,L,-0.2915611213462518
289,P,D,-0.2917103992831269
307,R,P,-0.29175527505065924
276,K,Q,-0.29180298889388534
-13,I,V,-0.29200348156331835
-15,K,R,-0.2922393509080035
(HA2)116,N,D,-0.292372815991598
324,P,Y,-0.292793790543488
(HA2)191,F,S,-0.292808375658892
310,K,T,-0.29301858194043623
311,Q,R,-0.29317008425703983
(HA2)183,K,V,-0.29318348221436347
12,T,K,-0.29418347489799046
(HA2)7,A,S,-0.2942380559758481
86,L,P,-0.29479385413639153
(HA2)186,I,P,-0.2950510148538204
(HA2)14,W,L,-0.29516830391338006
16,G,W,-0.2952705781906312
(HA2)10,I,K,-0.2953604462464007
182,V,A,-0.296083854694033
182,V,L,-0.2960838546940332
122,N,A,-0.29853549970703513
(HA2)183,K,I,-0.2993362970882854
(HA2)178,L,R,-0.3009767191136023
244,L,S,-0.3012360091884286
22,N,K,-0.3013736804423906
222,R,Y,-0.30160511994754624
84,W,R,-0.30203352352569246
(HA2)43,A,H,-0.30217652925568017
(HA2)73,V,R,-0.30273121149128707
(HA2)78,Q,P,-0.3036333275081546
-3,V,F,-0.3036492396780469
138,A,V,-0.3039662653486062
(HA2)134,G,T,-0.3043697650465045
(HA2)134,G,E,-0.30470015887545215
82,K,T,-0.30475717598993546
(HA2)116,N,T,-0.30547170286686415
80,Q,P,-0.30767284675005363
(HA2)141,Y,S,-0.30909359682599147
(HA2)81,E,A,-0.30936603351295
(HA2)43,A,N,-0.3099378244868263
(HA2)62,K,H,-0.3099774632613867
-10,L,S,-0.3100569927995629
(HA2)75,G,I,-0.3101252530071448
(HA2)80,L,R,-0.3101842584251026
(HA2)105,Q,K,-0.3102687973657229
(HA2)109,D,Y,-0.31043911450840456
(HA2)38,L,E,-0.31058865895342846
300,I,V,-0.31267804586874615
199,S,P,-0.3131223899737631
91,S,R,-0.3144506895170246
(HA2)149,I,R,-0.315528161081294
(HA2)119,F,L,-0.3158671050992187
(HA2)140,I,E,-0.31612389165891797
186,G,H,-0.31649242814509043
9,S,I,-0.316692133498454
(HA2)219,I,V,-0.3167270817855303
-11,A,V,-0.3171870570173374
327,Q,R,-0.3173831824535741
-10,L,P,-0.3180435013914924
3,L,V,-0.318379910903288
-8,Y,C,-0.3189157600860713
7,D,F,-0.31915079104752936
26,V,L,-0.31935697188260104
51,I,S,-0.31955223805673993
28,T,L,-0.3196888212873099
-8,Y,A,-0.3199695517772402
42,L,A,-0.32006315217715703
6,N,H,-0.32012558829322046
6,N,F,-0.32012558829322046
159,F,I,-0.3201277428160872
(HA2)176,V,E,-0.3205182768190718
225,N,R,-0.32100720389523174
(HA2)221,I,R,-0.32103567446338893
(HA2)25,R,I,-0.32145091092187034
279,S,L,-0.3214665484668697
169,P,S,-0.3234939333098721
228,S,L,-0.32359715754627927
190,D,Y,-0.3238286197785911
177,L,P,-0.3238483879656889
250,N,T,-0.32395547393112445
181,G,L,-0.3240403535874508
254,P,S,-0.3240633574859577
191,Q,G,-0.324249101863827
188,D,S,-0.32437950571956903
264,K,Q,-0.32449247877003734
230,I,R,-0.32450360044586124
195,Y,F,-0.3247027529182514
226,I,N,-0.3250445049742621
157,L,I,-0.326187420146333
200,G,T,-0.32630540902996136
258,F,Y,-0.32640020836028344
117,T,Y,-0.32743731190182984
91,S,E,-0.328966756187918
133,N,T,-0.3291139539941728
173,Q,N,-0.330625414815353
140,I,M,-0.3323542089859695
92,K,L,-0.33255591773109333
(HA2)54,R,S,-0.3326036618813102
94,Y,T,-0.3329126632633182
(HA2)139,K,N,-0.3332588314764611
312,N,S,-0.3335072875344134
50,E,R,-0.33394744020762396
(HA2)207,M,Y,-0.3340372236007061
122,N,S,-0.3341425934715108
(HA2)39,K,E,-0.3346917482212429
(HA2)149,I,M,-0.3354672172264289
(HA2)170,R,K,-0.33625116852181447
187,T,A,-0.33661285251064216
(HA2)211,Q,H,-0.33846601186393827
242,I,V,-0.33864495199645606
64,C,F,-0.33974727693260415
(HA2)29,S,L,-0.3401428780141827
(HA2)142,H,R,-0.34155188440991796
-2,F,P,-0.34259414237404845
299,R,W,-0.34324377609342804
(HA2)208,W,C,-0.3436721019690705
(HA2)101,A,K,-0.3441147603685192
(HA2)60,N,G,-0.3449316963022779
(HA2)124,K,H,-0.3453775627230579
(HA2)80,L,M,-0.3457114257837337
(HA2)178,L,K,-0.34571574917501147
291,D,K,-0.3462075781592497
(HA2)98,L,P,-0.34637154649942437
310,K,I,-0.3466632784928433
(HA2)92,W,S,-0.34672627337746265
300,I,K,-0.3467612887720418
292,K,E,-0.3473207033514274
317,A,R,-0.34733608235869307
269,R,V,-0.3473641789067703
276,K,V,-0.34765214130161753
298,N,S,-0.3478359159215146
(HA2)117,K,E,-0.3484219610441239
6,N,D,-0.3484450631436122
(HA2)122,T,K,-0.3485672934384393
(HA2)75,G,E,-0.34918938935647037
328,T,K,-0.34919053082621265
93,A,S,-0.3492462263280963
210,Q,H,-0.353333549203061
50,E,L,-0.3547852791347176
(HA2)18,V,S,-0.35532108790293726
(HA2)198,L,T,-0.3556912734655348
207,K,A,-0.3558058946130167
285,N,S,-0.35718051825553815
8,N,Y,-0.3584871557985243
45,S,R,-0.35858861351709365
(HA2)169,N,H,-0.3586643062634893
27,K,A,-0.35874728251316645
(HA2)197,L,V,-0.35880025025170864
239,P,Q,-0.3588453853503971
-16,M,H,-0.35906799204398043
40,T,V,-0.35930686180717203
195,Y,H,-0.3593390890955011
16,G,E,-0.3595593894642886
34,I,M,-0.3595595965498609
35,E,S,-0.35965196362990715
(HA2)198,L,V,-0.3598247108519032
(HA2)215,I,F,-0.3599988102672952
50,E,T,-0.36116362900324706
10,T,M,-0.3612731255196851
(HA2)144,C,R,-0.36206823812808947
(HA2)47,Q,R,-0.36236627496570034
(HA2)153,R,L,-0.3643082151881221
(HA2)66,I,S,-0.3646976832661367
70,L,P,-0.36555100044931144
(HA2)61,E,T,-0.36641338679210356
(HA2)45,I,M,-0.3671580419347271
(HA2)208,W,G,-0.36717900799495756
(HA2)218,N,S,-0.36748821769411305
(HA2)62,K,N,-0.36750386647478206
(HA2)91,L,R,-0.3678702636790597
87,F,Y,-0.3682999630770379
207,K,E,-0.3683143463500937
110,S,P,-0.3685638973953789
139,C,S,-0.36860210351841505
(HA2)73,V,M,-0.3686572009222442
88,V,L,-0.3689564748211617
-5,C,R,-0.3691156466347396
(HA2)33,G,R,-0.36921917439295876
(HA2)187,L,P,-0.370110848825021
(HA2)48,I,A,-0.3701542119789398
(HA2)70,F,H,-0.37016352748111764
(HA2)63,F,H,-0.3702481238473144
(HA2)72,E,L,-0.37029598572494593
(HA2)64,H,P,-0.3703085339393934
136,S,G,-0.37041626925645876
(HA2)69,E,V,-0.37042936158986595
(HA2)121,K,H,-0.3704971376957914
(HA2)45,I,E,-0.37054039468760014
(HA2)56,I,P,-0.3705416672647956
(HA2)49,N,V,-0.3706258151098068
(HA2)58,K,H,-0.3706334492957767
245,I,T,-0.37064105651538704
246,N,K,-0.37065984699897725
(HA2)47,Q,C,-0.37073790825367237
(HA2)94,Y,D,-0.3707383955741271
(HA2)94,Y,R,-0.3707383955741271
(HA2)54,R,D,-0.3709559768046957
(HA2)42,Q,H,-0.3709568996982928
(HA2)77,I,M,-0.3709847833867513
235,T,K,-0.3711091153481877
(HA2)116,N,I,-0.37138799754535107
(HA2)169,N,E,-0.37146586628755307
25,I,T,-0.37288239962537284
(HA2)198,L,F,-0.37308064740099556
(HA2)211,Q,S,-0.37432034102975126
(HA2)187,L,I,-0.37503425109060545
160,K,V,-0.3754945812757985
214,S,V,-0.3764538513012282
(HA2)207,M,T,-0.3767911118509205
(HA2)45,I,A,-0.3769620809227413
32,D,V,-0.37722143068854436
27,K,E,-0.37766327565897706
78,D,A,-0.3789052015114764
45,S,P,-0.3789704399409332
31,N,Y,-0.3791462786628677
67,I,R,-0.37917119308776803
10,T,K,-0.37931015809151636
69,A,P,-0.37952633986687606
(HA2)165,E,Q,-0.3796423988928106
-7,I,Y,-0.3799409424277661
(HA2)174,K,C,-0.3801640314616514
(HA2)182,Y,D,-0.3802779620011393
79,F,Y,-0.38054990038116776
(HA2)160,D,I,-0.3805560623462567
(HA2)201,A,N,-0.380900718669876
(HA2)159,H,S,-0.38109888184970586
(HA2)180,S,R,-0.3817293678588878
193,F,P,-0.38200534215211474
80,Q,I,-0.3826745782020104
(HA2)219,I,A,-0.38269441276404925
323,V,F,-0.3828066495633405
-6,L,Q,-0.3828243990472407
(HA2)26,H,L,-0.38310517875847216
(HA2)197,L,F,-0.38330290968862263
(HA2)214,N,G,-0.38349150880112604
24,T,S,-0.38355263602328077
(HA2)173,I,M,-0.3835865143924427
283,T,N,-0.384266501144074
319,G,W,-0.38435382331442636
(HA2)59,T,A,-0.38449939254235443
275,G,C,-0.3846921628156332
275,G,F,-0.3846921628156332
275,G,H,-0.3846921628156332
100,Y,D,-0.38471540776865837
137,S,G,-0.3847585141625405
125,F,Y,-0.38519649099423264
113,A,P,-0.38534189804686597
127,W,G,-0.38535633358104254
278,N,R,-0.3856896750055066
312,N,K,-0.38572558194746964
106,A,E,-0.3858058037991791
(HA2)184,D,V,-0.38626904992113675
94,Y,F,-0.3867757621764172
311,Q,A,-0.3874680983702446
(HA2)181,G,E,-0.3878167751906616
(HA2)13,G,L,-0.3880876430616251
-1,A,S,-0.3895320642428334
323,V,P,-0.38954185040399
(HA2)136,G,R,-0.3912092624131145
(HA2)152,I,L,-0.3913439880894237
192,I,K,-0.39153273343041567
310,K,W,-0.3915945992300152
213,V,E,-0.3916500087200003
(HA2)30,E,N,-0.39179245355985
(HA2)30,E,R,-0.39179245355985
261,R,H,-0.3918716600437259
(HA2)8,G,C,-0.3919704050218171
273,P,V,-0.39198661693317804
295,Q,P,-0.39198840432308396
287,S,H,-0.3919892528138582
287,S,Q,-0.3919892528138582
287,S,P,-0.3919892528138582
287,S,L,-0.3919892528138582
305,C,V,-0.39200481849595387
282,I,Y,-0.3920364437068751
282,I,N,-0.3920364437068751
282,I,A,-0.3920364437068751
321,R,A,-0.39203648124726304
(HA2)20,G,W,-0.3920618623792757
277,C,M,-0.39207454293152605
284,P,Q,-0.392084227868185
298,N,G,-0.3921019317258386
298,N,M,-0.3921019317258386
274,I,M,-0.3921021298625022
274,I,F,-0.3921021298625022
311,Q,E,-0.39210548051657257
311,Q,I,-0.39210548051657257
272,A,Y,-0.39211887352744307
(HA2)16,G,F,-0.39212768314288327
(HA2)2,I,E,-0.3921366808202885
283,T,Y,-0.3921391078414012
187,T,K,-0.392146579681549
(HA2)9,F,K,-0.3921491743494373
(HA2)25,R,A,-0.3921536205192971
(HA2)25,R,D,-0.3921536205192971
(HA2)25,R,E,-0.3921536205192971
322,N,Y,-0.3921785801277703
285,N,I,-0.3921837670611715
285,N,L,-0.3921837670611715
293,P,V,-0.39219691811799734
306,P,A,-0.39220475683142225
319,G,F,-0.3922126226413451
319,G,S,-0.3922126226413451
312,N,M,-0.39224602248075385
(HA2)3,F,W,-0.3922475287381569
270,S,G,-0.3922476407687632
290,N,F,-0.39224950474678
271,D,R,-0.3922589408506323
271,D,A,-0.3922589408506323
271,D,H,-0.3922589408506323
302,Y,S,-0.39228081589235353
302,Y,G,-0.39228081589235353
294,F,W,-0.39229113639848645
(HA2)23,G,W,-0.39231304958224295
(HA2)12,N,T,-0.39232192550831446
296,N,L,-0.3923314017833741
296,N,C,-0.3923314017833741
292,K,C,-0.3923314813828696
292,K,V,-0.3923314813828696
(HA2)11,E,H,-0.39234468786045634
(HA2)11,E,R,-0.39234468786045634
(HA2)11,E,I,-0.39234468786045634
301,T,W,-0.3924074371261162
301,T,H,-0.3924074371261162
318,T,F,-0.39241030146174344
278,N,F,-0.39244245713877135
278,N,G,-0.39244245713877135
(HA2)13,G,I,-0.392468137397122
(HA2)24,F,N,-0.39249749902102543
307,R,Q,-0.3925317538327225
(HA2)1,G,R,-0.39255639895519623
(HA2)10,I,C,-0.392562820609227
289,P,Q,-0.3925685498735111
289,P,G,-0.3925685498735111
276,K,P,-0.39260639964554706
(HA2)7,A,R,-0.3926606230617758
(HA2)19,D,R,-0.393098069514653
25,I,V,-0.39314923791714823
(HA2)15,E,N,-0.39316277950683426
(HA2)119,F,V,-0.3932592418253711
(HA2)163,R,G,-0.39371791176954696
(HA2)125,Q,G,-0.39403322785578687
(HA2)76,R,E,-0.3940379018491073
261,R,Q,-0.39409987041923394
111,L,P,-0.3941381272788965
(HA2)128,E,S,-0.3941498804172413
(HA2)120,E,S,-0.39422050785816637
(HA2)133,M,S,-0.39450666640665544
(HA2)122,T,I,-0.39474761171357153
(HA2)38,L,S,-0.3950749821809151
(HA2)138,F,L,-0.395600634535382
314,L,R,-0.3961599227537542
316,L,M,-0.3962064636577424
(HA2)106,H,R,-0.39738776750871596
(HA2)155,G,L,-0.3975621198598515
(HA2)200,V,H,-0.3992178347449814
329,R,T,-0.4004590114830872
(HA2)21,W,L,-0.400521461586771
(HA2)87,T,P,-0.4005726953715537
181,G,V,-0.4007509227462769
(HA2)147,A,T,-0.40088627937875004
(HA2)154,N,I,-0.4024155823214787
278,N,S,-0.40323909382855677
-11,A,T,-0.40417479685081786
303,G,R,-0.4047012867528323
(HA2)151,S,L,-0.40475891409147374
3,L,Q,-0.4062681096599908
(HA2)132,D,Q,-0.40627121738274447
-9,S,P,-0.4064193019608592
19,A,N,-0.40664437516668495
68,D,G,-0.4067397693269699
33,Q,A,-0.40697458345428683
-7,I,L,-0.4074553504176456
35,E,A,-0.40775425812414223
16,G,V,-0.40797155556763587
(HA2)69,E,R,-0.40798751772822844
186,G,T,-0.4080322712632899
-3,V,T,-0.40826814246384024
311,Q,L,-0.40864730167697594
(HA2)182,Y,L,-0.40899644915116345
218,G,R,-0.4090011253385826
(HA2)213,G,D,-0.4091238462661463
57,Q,T,-0.40937767129441754
(HA2)80,L,P,-0.4094827672987227
(HA2)216,R,V,-0.4095759423805359
(HA2)201,A,L,-0.4102118547857334
186,G,S,-0.41267435289433146
77,D,G,-0.41303680646587665
33,Q,K,-0.41535659856926865
218,G,M,-0.4154924249719414
182,V,G,-0.4155921263844451
196,A,K,-0.4157174148169684
184,H,P,-0.41580042208458295
207,K,I,-0.41591273873175794
178,Y,T,-0.4159336131958238
178,Y,I,-0.4159336131958238
243,L,A,-0.41633199316164254
243,L,D,-0.41633199316164254
256,G,T,-0.4164113415475333
213,V,Q,-0.41642928185707456
190,D,T,-0.4164346099832875
194,L,V,-0.41646817686859877
177,L,V,-0.41648040393900193
221,P,G,-0.4164911650873272
179,I,Y,-0.4165042175620104
198,A,Q,-0.41652660223771343
206,T,P,-0.41654002778789917
233,Y,F,-0.4165479975821326
233,Y,R,-0.4165479975821326
233,Y,V,-0.4165479975821326
181,G,T,-0.416596596063699
268,M,Q,-0.4166055394901933
205,S,I,-0.41660579402102116
246,N,C,-0.41660580058856395
246,N,G,-0.41660580058856395
174,F,A,-0.41661301687180324
219,S,W,-0.41661624515514606
240,G,H,-0.416636723281247
212,I,A,-0.4166396467869844
254,P,A,-0.41665701935556254
204,V,H,-0.41668179136611594
239,P,H,-0.41669393104706703
263,G,M,-0.4167201176584818
257,Y,A,-0.4167283238482022
257,Y,D,-0.4167283238482022
257,Y,W,-0.4167283238482022
249,G,D,-0.41673122456249856
242,I,D,-0.41674094003664836
180,W,D,-0.4167736388108209
180,W,A,-0.4167736388108209
180,W,E,-0.4167736388108209
180,W,N,-0.4167736388108209
180,W,P,-0.4167736388108209
258,F,M,-0.4168342298676357
258,F,E,-0.4168342298676357
241,D,Y,-0.4168443651887401
200,G,D,-0.41686018073510306
191,Q,Y,-0.4168614143488437
191,Q,P,-0.4168614143488437
191,Q,L,-0.4168614143488437
235,T,L,-0.41688171528688883
187,T,H,-0.41688615621097763
267,I,E,-0.4168898202740452
236,I,N,-0.4169110533393854
230,I,N,-0.4169368034170791
259,K,A,-0.4169529945073718
259,K,V,-0.4169529945073718
251,L,G,-0.41704960911209515
251,L,W,-0.41704960911209515
247,S,D,-0.4171238002321067
247,S,V,-0.4171238002321067
247,S,Y,-0.4171238002321067
253,A,Q,-0.4171281162889571
253,A,H,-0.4171281162889571
252,I,F,-0.4171474298401522
217,I,D,-0.41716202979272826
217,I,H,-0.41716202979272826
232,I,P,-0.41717156068023575
232,I,H,-0.41717156068023575
238,K,I,-0.41720064163058734
208,R,H,-0.4173885232274076
226,I,E,-0.41767089992824896
226,I,C,-0.41767089992824896
143,S,D,-0.4179233851117825
189,K,Q,-0.41820302055971853
209,S,K,-0.41834564565621885
(HA2)5,A,L,-0.4185213740409563
313,T,A,-0.4189105663599448
(HA2)3,F,L,-0.42098939016989606
25,I,L,-0.4224067086733343
3,L,T,-0.4225483715250923
284,P,L,-0.4228967127970444
322,N,D,-0.42290860032525107
(HA2)209,A,P,-0.4230083838647522
(HA2)136,G,M,-0.4233654367118586
(HA2)157,Y,R,-0.42409013223161773
(HA2)172,Q,K,-0.424533472784329
(HA2)160,D,F,-0.42485467855131054
(HA2)143,K,S,-0.42490395536917147
187,T,M,-0.4249451688574534
(HA2)162,Y,G,-0.4251838580477463
(HA2)175,G,K,-0.4253556537030272
(HA2)148,C,V,-0.42550887207283233
(HA2)135,N,T,-0.42564875969804333
(HA2)98,L,H,-0.4256604961519251
(HA2)154,N,T,-0.4257814436113745
(HA2)215,I,V,-0.42578352579099277
(HA2)176,V,L,-0.4259324068416794
(HA2)211,Q,A,-0.4260190735710503
(HA2)169,N,I,-0.4262539179266326
(HA2)159,H,D,-0.42632756928428905
(HA2)205,F,I,-0.42688940778801165
(HA2)146,N,Y,-0.42850989437069464
(HA2)209,A,C,-0.4292297977702638
215,P,G,-0.429641968328797
242,I,T,-0.4299253325170958
(HA2)94,Y,H,-0.4302206004056447
(HA2)203,L,A,-0.4303975593925921
-1,A,T,-0.43185807856880787
7,D,Y,-0.43278885529123884
22,N,D,-0.4336937899276504
267,I,V,-0.4337040691142998
217,I,L,-0.43397696068292724
(HA2)136,G,L,-0.4358899821120451
(HA2)34,Q,S,-0.4365880234472088
(HA2)34,Q,L,-0.4365880234472088
113,A,T,-0.4368886192711304
(HA2)16,G,D,-0.4370565412167426
306,P,Q,-0.43714571346198444
297,V,R,-0.43714580293136346
59,L,P,-0.43719845782268685
302,Y,W,-0.4372295674880619
(HA2)23,G,F,-0.43729630516958945
315,K,N,-0.43748083381636704
276,K,F,-0.43762119644727926
280,E,F,-0.4376233709849043
280,E,I,-0.4376233709849043
326,K,P,-0.43762789724364476
(HA2)1,G,S,-0.4377499944550209
(HA2)1,G,V,-0.4377499944550209
(HA2)202,L,T,-0.43793580289385264
325,E,L,-0.43899391224445666
327,Q,L,-0.44041690055528687
250,N,D,-0.440678400966878
205,S,T,-0.4408131178774041
(HA2)125,Q,R,-0.44135126880560055
232,I,T,-0.44171652220590424
297,V,A,-0.4424642262167403
(HA2)154,N,D,-0.4426859338943271
(HA2)199,C,A,-0.44279051937075875
(HA2)204,G,Y,-0.44284081851453205
95,S,I,-0.44471844923415293
157,L,G,-0.4448606260584007
304,A,P,-0.4449137597516684
162,P,R,-0.44528533759061917
142,R,T,-0.4453523605096542
142,R,Y,-0.4453523605096542
(HA2)66,I,P,-0.44581624261196273
(HA2)221,I,T,-0.4461807089731882
(HA2)214,N,Y,-0.4472477175979291
(HA2)91,L,K,-0.44887058692142456
127,W,L,-0.44910411635971287
(HA2)53,N,M,-0.44918595629558705
(HA2)73,V,P,-0.4498157607689515
(HA2)172,Q,L,-0.4501794433383329
(HA2)102,L,F,-0.4501945851654721
(HA2)101,A,C,-0.4502438471672909
(HA2)65,Q,Y,-0.45043268477157644
(HA2)65,Q,C,-0.45043268477157644
(HA2)114,E,A,-0.450673733919931
(HA2)55,L,T,-0.45089230042902106
(HA2)113,S,W,-0.45092027500347587
(HA2)86,D,M,-0.4509249641515286
(HA2)86,D,R,-0.4509249641515286
(HA2)70,F,T,-0.45133363761406886
(HA2)70,F,Q,-0.45133363761406886
(HA2)112,D,V,-0.4513672150017943
(HA2)112,D,F,-0.4513672150017943
(HA2)115,M,S,-0.45139327016205705
(HA2)63,F,W,-0.45140729020547465
(HA2)150,G,L,-0.451414303087318
(HA2)126,L,W,-0.45146173466055406
(HA2)36,A,H,-0.4514670866500418
(HA2)36,A,F,-0.4514670866500418
(HA2)36,A,Q,-0.4514670866500418
(HA2)79,D,S,-0.45147747474545025
(HA2)79,D,F,-0.45147747474545025
(HA2)64,H,V,-0.45149836958195566
(HA2)83,Y,T,-0.4515107854749372
(HA2)85,E,W,-0.45151191907854843
(HA2)67,E,I,-0.4515136244537777
(HA2)76,R,T,-0.45152676322498514
(HA2)44,A,R,-0.45152807608234735
(HA2)129,N,M,-0.4515550453498754
(HA2)40,S,P,-0.45159246568442696
(HA2)40,S,V,-0.45159246568442696
(HA2)69,E,C,-0.4515984568537667
(HA2)69,E,H,-0.4515984568537667
(HA2)37,D,H,-0.4516086733305227
(HA2)100,V,E,-0.4516490430586763
(HA2)117,K,G,-0.45165382835576384
(HA2)56,I,W,-0.45171817706806117
(HA2)56,I,R,-0.45171817706806117
(HA2)56,I,N,-0.45171817706806117
(HA2)97,E,A,-0.45175470397599204
(HA2)35,A,C,-0.4517856249346466
(HA2)35,A,K,-0.4517856249346466
(HA2)128,E,P,-0.4517915931876828
(HA2)49,N,C,-0.451800529398486
(HA2)49,N,L,-0.451800529398486
(HA2)49,N,M,-0.451800529398486
(HA2)58,K,Q,-0.45182348100122555
(HA2)58,K,T,-0.45182348100122555
(HA2)58,K,Y,-0.45182348100122555
(HA2)51,K,Q,-0.45189996005657723
(HA2)51,K,P,-0.45189996005657723
(HA2)107,T,G,-0.4519043615500517
(HA2)107,T,S,-0.4519043615500517
(HA2)107,T,R,-0.4519043615500517
(HA2)107,T,L,-0.4519043615500517
-1,A,P,-0.45193956966612164
(HA2)214,N,H,-0.45194314600157226
(HA2)50,G,A,-0.451954534784036
(HA2)122,T,N,-0.45195725047596486
(HA2)122,T,H,-0.45195725047596486
(HA2)122,T,C,-0.45195725047596486
(HA2)124,K,C,-0.45198381686763983
(HA2)43,A,Y,-0.4520080187052193
(HA2)43,A,M,-0.4520080187052193
(HA2)75,G,Q,-0.4520372564838352
(HA2)75,G,H,-0.4520372564838352
(HA2)103,E,R,-0.45205186038078743
(HA2)103,E,L,-0.45205186038078743
(HA2)62,K,Y,-0.45206591731686896
(HA2)42,Q,C,-0.45208083574935587
(HA2)42,Q,T,-0.45208083574935587
(HA2)42,Q,E,-0.45208083574935587
(HA2)77,I,G,-0.45213379383647284
(HA2)77,I,Q,-0.45213379383647284
(HA2)109,D,I,-0.4521733506395794
(HA2)109,D,H,-0.4521733506395794
(HA2)87,T,F,-0.45222352751695827
(HA2)53,N,A,-0.4522984672038669
(HA2)108,I,M,-0.45252664973223156
(HA2)116,N,Y,-0.45254305534609823
(HA2)98,L,S,-0.4526625099438689
(HA2)98,L,A,-0.4526625099438689
(HA2)73,V,Y,-0.45297960636853135
(HA2)92,W,K,-0.4530006764607723
(HA2)92,W,F,-0.4530006764607723
219,S,E,-0.45310593585734915
(HA2)137,C,R,-0.45390914635903956
(HA2)119,F,G,-0.45482575415130533
216,N,I,-0.4550062555182917
(HA2)102,L,V,-0.4564820770857595
(HA2)88,K,Q,-0.45649526284354786
(HA2)88,K,C,-0.45649526284354786
(HA2)88,K,T,-0.45649526284354786
39,A,V,-0.4565031867415838
160,K,M,-0.4565939159776477
2,K,D,-0.4567534041043219
273,P,S,-0.4569678703834362
(HA2)39,K,F,-0.45714498570992823
(HA2)197,L,S,-0.4571542451252809
-6,L,C,-0.45728874020292576
-6,L,W,-0.45728874020292576
26,V,D,-0.4574103502787642
43,V,C,-0.45748506728303184
18,H,N,-0.4576999926559094
62,K,D,-0.4577210926199343
25,I,E,-0.4577514780273723
-4,L,G,-0.45778523495952467
-4,L,C,-0.45778523495952467
-4,L,A,-0.45778523495952467
15,L,N,-0.45779348956635224
51,I,R,-0.4578525558858354
3,L,M,-0.4578544904080708
-10,L,H,-0.45789490419775036
12,T,F,-0.4578968607187702
66,L,V,-0.45790647272697127
66,L,G,-0.45790647272697127
-11,A,Y,-0.4579245554395747
49,G,L,-0.4579486777228002
45,S,K,-0.4580074535558118
65,T,P,-0.45805235709733494
78,D,V,-0.4580653861672148
30,T,H,-0.45808322090691295
30,T,I,-0.45808322090691295
37,T,P,-0.4580921507538192
28,T,H,-0.4581336884812326
9,S,V,-0.4581588773802451
52,C,S,-0.4581617181573713
-12,I,Y,-0.4581718517681619
-13,I,F,-0.4581907562421731
47,S,I,-0.4582388805400478
75,Q,E,-0.45824379819927735
8,N,M,-0.4583008344914305
73,D,H,-0.4583023560880414
73,D,R,-0.4583023560880414
42,L,R,-0.4583819894217465
42,L,E,-0.4583819894217465
42,L,T,-0.4583819894217465
42,L,S,-0.4583819894217465
60,D,S,-0.45841525561808427
-8,Y,E,-0.45843040048939954
-8,Y,Q,-0.45843040048939954
-8,Y,W,-0.45843040048939954
4,P,E,-0.4584395208856365
39,A,P,-0.4584573856296678
(HA2)110,L,P,-0.45850385601281407
40,T,S,-0.45851656231746063
53,D,K,-0.45853072006005996
53,D,H,-0.45853072006005996
53,D,I,-0.45853072006005996
53,D,R,-0.45853072006005996
-1,A,M,-0.4585528858345341
46,S,M,-0.4585842723243001
(HA2)116,N,R,-0.4585932992502517
69,A,C,-0.4586803874547185
69,A,G,-0.4586803874547185
29,I,K,-0.4587044334258446
59,L,G,-0.45874038213185236
(HA2)32,R,Q,-0.45886685827383994
24,T,D,-0.4588764617288734
-2,F,M,-0.45896393193456725
41,E,V,-0.45900471537922144
(HA2)71,S,V,-0.45901504524300474
-7,I,R,-0.4590938294086144
72,G,C,-0.4594879335687901
44,Q,K,-0.45954496843571985
23,G,F,-0.45982813473059647
63,N,R,-0.46015289079477095
(HA2)131,E,D,-0.460460416775826
(HA2)197,L,E,-0.46066126077263153
(HA2)47,Q,G,-0.46074999770487124
275,G,L,-0.4609555592594671
(HA2)77,I,V,-0.46134585462043265
(HA2)101,A,D,-0.46144581094188336
(HA2)34,Q,T,-0.46190856819965914
292,K,L,-0.4620860638513881
101,D,Q,-0.4621167639781889
(HA2)4,G,R,-0.4621473601066366
137,S,H,-0.4622469311074317
171,N,F,-0.46225679001911646
171,N,Q,-0.46225679001911646
84,W,H,-0.46254070733757
91,S,V,-0.4625470381177055
166,V,L,-0.4625827423833778
97,C,F,-0.46258315148433204
97,C,L,-0.46258315148433204
97,C,W,-0.46258315148433204
151,L,R,-0.46262768526567366
131,T,G,-0.46262769572649
131,T,D,-0.46262769572649
169,P,H,-0.46266910275805356
169,P,R,-0.46266910275805356
128,T,E,-0.462711385997692
126,N,K,-0.4627292738251306
134,G,S,-0.46273472380944425
153,W,F,-0.46274010202042287
95,S,L,-0.4628043760594172
165,N,A,-0.4628046463035538
140,I,K,-0.4628107856208852
85,D,S,-0.462822304920384
152,N,G,-0.4628331121313376
103,P,G,-0.4628467118476064
103,P,K,-0.4628467118476064
103,P,F,-0.4628467118476064
133,N,G,-0.4628588523097945
133,N,A,-0.4628588523097945
104,D,R,-0.46286056152944394
127,W,S,-0.46292129288447126
141,R,V,-0.4629232511984211
135,T,R,-0.4629390452481586
132,Q,N,-0.46294556697844474
132,Q,S,-0.46294556697844474
139,C,N,-0.46294848845645503
117,T,N,-0.4629951112294218
117,T,V,-0.4629951112294218
129,G,F,-0.4629955628521624
86,L,R,-0.4629966949795547
86,L,M,-0.4629966949795547
162,P,E,-0.4629970498243063
162,P,A,-0.4629970498243063
148,F,A,-0.46303108385798386
110,S,K,-0.4630439582476924
110,S,V,-0.4630439582476924
93,A,L,-0.46306143462925536
21,P,E,-0.46309426279022103
168,M,N,-0.46313808012188884
123,E,V,-0.4632178645931788
167,T,D,-0.46322254187378226
106,A,M,-0.4633138500738181
106,A,I,-0.4633138500738181
149,S,E,-0.46335000648365027
(HA2)17,M,T,-0.46345610675472376
163,A,F,-0.4634655793602184
163,A,L,-0.4634655793602184
155,T,H,-0.4635630327303562
155,T,R,-0.4635630327303562
94,Y,W,-0.4643611899513151
328,T,L,-0.464834342851177
319,G,R,-0.4654609979534264
-10,L,Q,-0.4660517330521097
37,T,V,-0.46621020676921937
37,T,Y,-0.46621020676921937
30,T,N,-0.4662759049123291
33,Q,P,-0.46661225225198094
(HA2)44,A,V,-0.4680004188157737
311,Q,Y,-0.4682659920780033
311,Q,F,-0.4682659920780033
312,N,V,-0.4685429053716071
(HA2)212,K,G,-0.4685489221065192
(HA2)14,W,R,-0.4686512377417576
289,P,V,-0.46873199987967534
99,P,T,-0.4689977554948307
-8,Y,H,-0.4699418386469204
(HA2)99,L,F,-0.4701354565868047
(HA2)214,N,S,-0.47017655258093427
327,Q,P,-0.47041378039334686
122,N,K,-0.47068320654871415
163,A,S,-0.4707525549694008
(HA2)40,S,G,-0.470931929879325
95,S,R,-0.4709766903369207
-7,I,G,-0.4715558981714156
(HA2)170,R,L,-0.4716188586866646
161,Y,S,-0.47194264913942024
257,Y,H,-0.4731557889174931
(HA2)177,E,Y,-0.4733329363913232
17,H,T,-0.47333517962002813
17,H,L,-0.47333517962002813
(HA2)142,H,L,-0.4737039603134468
90,R,N,-0.4742996051929484
125,F,I,-0.47467681602807277
115,S,A,-0.4747191862341039
(HA2)147,A,H,-0.4749258838354414
210,Q,C,-0.4750245106014793
(HA2)113,S,P,-0.475169148139889
248,T,L,-0.4758940921555674
203,T,K,-0.4759155584965353
176,K,Q,-0.47620216474355803
221,P,E,-0.4763262652137047
122,N,Q,-0.47636481232533817
240,G,E,-0.4764579808499284
263,G,A,-0.47664706839428334
187,T,R,-0.4767007489065566
267,I,D,-0.4767561560474278
189,K,Y,-0.4769494932943949
260,I,F,-0.4770363494200127
(HA2)166,A,N,-0.4777268575386537
(HA2)137,C,G,-0.47773029049893445
219,S,N,-0.47795223837541906
221,P,A,-0.4785831485814777
226,I,H,-0.4785921428251492
(HA2)165,E,P,-0.47954003256035727
(HA2)27,Q,D,-0.47971242337471925
(HA2)164,D,E,-0.4802950278297951
(HA2)147,A,K,-0.4811324526141721
(HA2)197,L,G,-0.4811889363380248
(HA2)199,C,T,-0.481439227360553
(HA2)156,T,L,-0.4824539950790031
96,N,A,-0.48325165416103316
(HA2)136,G,T,-0.48345405544446096
(HA2)183,K,G,-0.48413133909201955
(HA2)131,E,W,-0.48427069552241137
(HA2)157,Y,D,-0.4843860270629335
(HA2)193,I,K,-0.4846811430861239
130,V,A,-0.48517069113489286
(HA2)186,I,A,-0.48519310835127727
(HA2)165,E,C,-0.48521919650597417
(HA2)181,G,M,-0.4852729931019929
(HA2)196,F,Q,-0.48530355724034957
(HA2)189,I,C,-0.4855144999349081
(HA2)162,Y,R,-0.4855497867546908
80,Q,N,-0.4856564934077261
(HA2)152,I,M,-0.48572218592700744
(HA2)187,L,C,-0.48572955526100164
(HA2)221,I,F,-0.48578263848732767
(HA2)203,L,K,-0.48579701933458214
(HA2)216,R,E,-0.48588603875817604
(HA2)195,C,L,-0.48590063742203105
(HA2)135,N,Q,-0.4859918897251681
(HA2)218,N,G,-0.48601029068341484
(HA2)155,G,T,-0.48603576882913707
(HA2)204,G,H,-0.48607170998821475
(HA2)197,L,K,-0.48611117441419827
(HA2)201,A,I,-0.48612191640261543
(HA2)201,A,E,-0.48612191640261543
(HA2)154,N,G,-0.4861223436492695
(HA2)178,L,S,-0.48622518673160525
(HA2)182,Y,F,-0.4862729236148248
(HA2)202,L,P,-0.48669256337223515
(HA2)202,L,Y,-0.48669256337223515
(HA2)200,V,D,-0.4866985129173531
(HA2)145,D,E,-0.4867140176224239
(HA2)145,D,L,-0.4867140176224239
(HA2)134,G,Y,-0.48693507819687987
(HA2)177,E,I,-0.48694355322990035
(HA2)177,E,C,-0.48694355322990035
(HA2)130,A,Q,-0.4870314745914695
(HA2)180,S,H,-0.48717332449071427
(HA2)149,I,W,-0.4873387043066701
(HA2)185,W,D,-0.4875026934722566
299,R,Q,-0.48755456175753337
(HA2)207,M,H,-0.48789245841950046
(HA2)207,M,G,-0.48789245841950046
(HA2)179,K,Q,-0.4878990084352046
(HA2)179,K,D,-0.4878990084352046
(HA2)183,K,Q,-0.48808690529308846
(HA2)183,K,M,-0.48808690529308846
(HA2)163,R,T,-0.4880960634952311
(HA2)163,R,C,-0.4880960634952311
(HA2)141,Y,D,-0.4881803580767546
(HA2)142,H,F,-0.48829342457434133
(HA2)142,H,T,-0.48829342457434133
(HA2)196,F,N,-0.48851018302956056
(HA2)31,G,R,-0.4885268616835244
(HA2)146,N,M,-0.48883360443194707
(HA2)173,I,F,-0.48893399837201124
(HA2)173,I,K,-0.48893399837201124
(HA2)173,I,W,-0.48893399837201124
(HA2)151,S,H,-0.48932981116759866
(HA2)136,G,P,-0.4895660895921173
(HA2)136,G,A,-0.4895660895921173
(HA2)144,C,N,-0.49008291649800456
(HA2)208,W,R,-0.4901579505602976
306,P,S,-0.49099953285971015
288,I,T,-0.49103499256850497
286,G,E,-0.4910484069793512
(HA2)30,E,K,-0.49117025501835393
9,S,N,-0.4913068007363615
314,L,I,-0.4915108070594611
318,T,A,-0.4915469530413842
(HA2)24,F,S,-0.49183627943795294
(HA2)160,D,T,-0.492318483693957
89,E,G,-0.49273029082401104
164,L,N,-0.492752817585433
214,S,T,-0.49276186801647215
(HA2)215,I,G,-0.4932653411307595
324,P,K,-0.4936682855266045
-4,L,R,-0.4941062494719886
47,S,T,-0.4950068729508795
(HA2)147,A,D,-0.49634474273735224
-5,C,F,-0.49661237034579037
73,D,N,-0.4966233842399046
(HA2)61,E,A,-0.49697231950031817
234,W,L,-0.4970150774461367
(HA2)175,G,R,-0.4983137452325251
74,P,T,-0.49860564914031186
326,K,R,-0.49914148758317145
267,I,T,-0.5009023272716402
54,S,N,-0.5010778710063903
217,I,T,-0.5011752378777317
(HA2)73,V,T,-0.5034059403317986
106,A,S,-0.5050863038826814
(HA2)87,T,G,-0.5050864255164282
(HA2)71,S,I,-0.5052232947960735
(HA2)127,R,G,-0.5052300752292754
(HA2)116,N,L,-0.5055743766923277
175,D,G,-0.5056017121929297
252,I,L,-0.5070608748236745
(HA2)206,I,A,-0.5084785341424495
(HA2)13,G,D,-0.5100212964790143
8,N,E,-0.5104651113786951
(HA2)133,M,R,-0.5126268938395367
(HA2)29,S,A,-0.5134006530944151
(HA2)145,D,P,-0.5139255117140948
(HA2)132,D,W,-0.5142481059698532
(HA2)82,K,N,-0.5145485568616084
(HA2)64,H,Q,-0.5147133918348652
(HA2)129,N,S,-0.514865692211363
(HA2)174,K,R,-0.5155467347597786
289,P,T,-0.5167807951285189
262,S,D,-0.5167944981794326
245,I,Q,-0.517758642798642
180,W,L,-0.5178073245114085
210,Q,S,-0.5178446664859999
228,S,G,-0.5183926811942985
230,I,T,-0.5185001311496651
253,A,D,-0.5185017418177105
201,R,W,-0.5185478420115005
208,R,N,-0.518548204575886
(HA2)146,N,K,-0.5192436219272407
10,T,A,-0.5195662016848209
8,N,V,-0.520064644812388
-12,I,G,-0.520075752347193
31,N,T,-0.5201342500960788
6,N,L,-0.520455799516905
128,T,I,-0.5222291580988282
(HA2)214,N,D,-0.5258528327633276
-3,V,A,-0.5266516937145932
165,N,S,-0.5270228088437732
76,C,R,-0.5275060430253629
(HA2)139,K,F,-0.5277747440281582
-10,L,D,-0.5281952843315393
204,V,I,-0.5283437993381979
68,D,N,-0.5285246967286865
67,I,T,-0.5286475079252976
(HA2)15,E,D,-0.5300088748132921
(HA2)73,V,N,-0.5301501998825069
(HA2)55,L,W,-0.5312142039222645
(HA2)55,L,Y,-0.5312142039222645
(HA2)113,S,M,-0.5312926804616764
(HA2)61,E,Q,-0.531365738837748
(HA2)160,D,E,-0.5315221592077064
(HA2)112,D,Q,-0.5317788178497289
(HA2)67,E,K,-0.5318037699860394
(HA2)78,Q,V,-0.5318049934467398
(HA2)139,K,C,-0.5318112930960721
86,L,I,-0.5318288653639945
(HA2)84,V,G,-0.5318938907651334
(HA2)69,E,I,-0.5319140564944642
(HA2)56,I,M,-0.5320205179364208
(HA2)110,L,T,-0.5320396838123307
(HA2)120,E,N,-0.5321323941428786
(HA2)152,I,R,-0.5321599935748607
(HA2)47,Q,F,-0.5322325737037522
(HA2)182,Y,E,-0.5322810554461892
(HA2)109,D,G,-0.5323077729107133
(HA2)124,K,T,-0.5323169986773373
(HA2)107,T,K,-0.5323716623437533
(HA2)75,G,A,-0.5325176743435928
186,G,C,-0.532599974640922
(HA2)108,I,T,-0.5330935439944723
(HA2)202,L,H,-0.5333276287155537
(HA2)167,L,F,-0.5334953258259345
116,G,C,-0.5338220186957989
108,L,F,-0.534155535691212
(HA2)185,W,I,-0.5345181394482443
(HA2)25,R,W,-0.5345816263710377
(HA2)207,M,S,-0.5345838607202706
(HA2)207,M,E,-0.5346482869482291
(HA2)144,C,F,-0.5365001790894844
(HA2)133,M,T,-0.5368078734777624
50,E,V,-0.5372424784646739
100,Y,V,-0.5376501826069664
(HA2)140,I,T,-0.5379935418526016
147,F,A,-0.5383545992855813
146,S,T,-0.5384291443846485
81,N,G,-0.5384301246831118
150,R,K,-0.5385223096981877
(HA2)195,C,V,-0.5394077202350034
57,Q,K,-0.5405751791814786
164,L,R,-0.5405945865918232
(HA2)206,I,Q,-0.5406112925963011
304,A,R,-0.5411521373959418
251,L,I,-0.5416272805355247
3,L,A,-0.541805125860343
3,L,E,-0.541805125860343
74,P,L,-0.5418083322938453
38,N,A,-0.541814697524212
38,N,R,-0.541814697524212
-11,A,S,-0.5418733252779099
9,S,K,-0.5421184066302944
9,S,F,-0.5421184066302944
-13,I,K,-0.5421200351697373
30,T,K,-0.5421269540377465
75,Q,T,-0.5422005938589285
22,N,H,-0.5422092265967822
34,I,P,-0.5422131390097787
27,K,H,-0.54244251895497
60,D,N,-0.5424618649639017
157,L,E,-0.5424919376213191
132,Q,E,-0.5425063899512209
14,C,R,-0.5426011324109928
324,P,S,-0.5428866747365841
46,S,Q,-0.5428932487044422
59,L,F,-0.5429257268838489
-15,K,A,-0.5435690609636652
(HA2)196,F,E,-0.5436151169758374
296,N,S,-0.543748743801413
-3,V,L,-0.5437743175570093
(HA2)187,L,S,-0.5439341535339826
63,N,G,-0.5442046912458336
305,C,Y,-0.5464619915472941
(HA2)18,V,K,-0.5468475845787136
155,T,I,-0.5481207495260233
161,Y,M,-0.5488064243856624
172,E,S,-0.5495871026710082
140,I,R,-0.5496631381597121
102,V,L,-0.5497037725310743
83,K,Q,-0.5497234518028412
173,Q,A,-0.5498972358143024
118,L,V,-0.5500652166110682
149,S,T,-0.5501286818038245
149,S,H,-0.5501286818038245
123,E,K,-0.5501474799905335
(HA2)132,D,G,-0.5507185503341264
(HA2)180,S,P,-0.5510776182303343
(HA2)39,K,S,-0.5517374226461693
193,F,V,-0.5524197936201974
(HA2)154,N,H,-0.5526192404534331
160,K,R,-0.5528921429627448
(HA2)148,C,P,-0.553090167273016
291,D,F,-0.5534691170723203
291,D,A,-0.5534691170723203
(HA2)34,Q,I,-0.5538004710147812
(HA2)181,G,L,-0.553938561257251
300,I,L,-0.554005715209352
282,I,H,-0.5542357585197537
(HA2)16,G,M,-0.5543111393609986
(HA2)5,A,I,-0.5543461197077442
314,L,D,-0.5543628112049573
(HA2)9,F,W,-0.5543798711884285
(HA2)9,F,I,-0.5543798711884285
(HA2)31,G,C,-0.5544239974172236
(HA2)2,I,P,-0.5544248686040466
(HA2)2,I,C,-0.5544248686040466
270,S,Q,-0.5544279137969088
(HA2)26,H,Q,-0.5544374397840937
(HA2)22,Y,P,-0.5544414095093357
290,N,A,-0.5544492786424333
294,F,I,-0.5544737811300684
304,A,F,-0.5544860332785286
(HA2)23,G,M,-0.554526596813216
(HA2)11,E,Q,-0.5545332585824969
317,A,Q,-0.5545740093157254
318,T,C,-0.5545798629016573
(HA2)12,N,Q,-0.5545798630948937
278,N,A,-0.5546172422490511
301,T,D,-0.5546222580018418
315,K,M,-0.5547029039500455
313,T,H,-0.5547075018545919
(HA2)13,G,A,-0.5547166564864872
(HA2)13,G,K,-0.5547166564864872
(HA2)24,F,K,-0.55471865988697
307,R,E,-0.5547896808844531
276,K,H,-0.5548373947276793
328,T,S,-0.554854403542408
(HA2)19,D,C,-0.5553175648375078
48,T,I,-0.5555751161205174
(HA2)17,M,P,-0.5557212699086571
324,P,W,-0.5558281963772815
327,Q,F,-0.5558851313213089
54,S,G,-0.5559097962394468
(HA2)186,I,T,-0.5559381455236748
(HA2)206,I,P,-0.557034529906798
(HA2)164,D,G,-0.557749578674445
306,P,T,-0.5580085437293091
203,T,I,-0.5581387167667806
278,N,I,-0.5582455228585834
(HA2)24,F,L,-0.5583336145685401
(HA2)202,L,N,-0.5590775225393791
280,E,G,-0.5591728150377234
(HA2)205,F,V,-0.5594300949601402
65,T,I,-0.5594729081365386
275,G,V,-0.5598290009488692
(HA2)72,E,S,-0.5599079642483822
(HA2)77,I,F,-0.5606081348724066
(HA2)179,K,V,-0.5607228422296753
79,F,S,-0.561716809628215
(HA2)48,I,V,-0.5628653852269605
(HA2)178,L,M,-0.5644991152290135
-7,I,P,-0.5666860568279021
94,Y,C,-0.5667305755362806
(HA2)130,A,S,-0.5678794738913433
226,I,S,-0.5690214159925736
(HA2)141,Y,C,-0.5690302924134071
305,C,S,-0.5693831484728568
(HA2)6,I,H,-0.5698253443914191
326,K,A,-0.5701245841531248
157,L,N,-0.5702519752301705
205,S,K,-0.5709997944862534
(HA2)35,A,V,-0.5714575543175944
328,T,Y,-0.5715829521626603
94,Y,D,-0.5727841546007862
325,E,K,-0.5734937713406885
220,R,C,-0.5738266148464577
(HA2)45,I,S,-0.5739153653954525
(HA2)152,I,T,-0.5740566054743228
(HA2)5,A,S,-0.5745064425241554
-12,I,Q,-0.5749241357298279
45,S,A,-0.5751043735393169
50,E,F,-0.576464212816468
304,A,S,-0.5780715735800976
50,E,S,-0.5781334293571136
-2,F,L,-0.5783084338263346
82,K,A,-0.5787581490865804
260,I,V,-0.5791477139950716
224,R,F,-0.5797572012147839
277,C,D,-0.5800802400602842
290,N,Y,-0.5803431023538177
(HA2)7,A,V,-0.5809935982475134
328,T,Q,-0.5826422647981149
(HA2)143,K,L,-0.5847213368878992
329,R,W,-0.5848652093468455
181,G,W,-0.5852544100347845
(HA2)102,L,T,-0.5854516978315315
210,Q,P,-0.5856405600870331
(HA2)155,G,W,-0.5857399360469999
229,R,L,-0.5858037495375787
223,V,M,-0.5859314800400337
147,F,S,-0.5859702154938187
218,G,Y,-0.5859866066914494
218,G,T,-0.5859866066914494
(HA2)70,F,R,-0.5863948031564337
189,K,H,-0.5864095628480408
188,D,H,-0.5864537084890851
(HA2)60,N,L,-0.5866396286339539
(HA2)56,I,A,-0.5867604548448973
243,L,R,-0.5867779932829091
(HA2)117,K,S,-0.5868594705969097
(HA2)120,E,Y,-0.5868655858005619
221,P,M,-0.586939248519492
185,P,I,-0.5869587540873651
(HA2)122,T,G,-0.5869926384394215
261,R,I,-0.5870483678100971
212,I,H,-0.5870530547009568
268,M,P,-0.5870539940939472
268,M,F,-0.5870539940939472
246,N,Q,-0.5870749708678463
240,G,K,-0.5870771141897435
245,I,L,-0.587097751041622
239,P,A,-0.5871098917638395
204,V,D,-0.5871177979888671
242,I,Q,-0.5871694514145793
263,G,S,-0.5872192447273274
258,F,C,-0.5872397937133328
258,F,D,-0.5872397937133328
249,G,I,-0.5872716090151986
191,Q,W,-0.5872835076976206
(HA2)71,S,E,-0.5872992838770228
241,D,T,-0.5873754259209736
236,I,R,-0.5874331152861354
252,I,P,-0.5875871007802969
252,I,S,-0.5875871007802969
260,I,G,-0.5875901769448513
199,S,Y,-0.5876216440862486
253,A,F,-0.5876660285938028
(HA2)38,L,Y,-0.587720060123311
214,S,P,-0.5877259125128496
195,Y,T,-0.587737158752045
105,Y,H,-0.5879757580853393
(HA2)92,W,L,-0.5883825413804041
231,S,L,-0.5884995963575852
231,S,K,-0.5884995963575852
215,P,D,-0.5886330224236993
(HA2)13,G,T,-0.5887674602889823
209,S,P,-0.5888161480355687
209,S,Q,-0.5888161480355687
307,R,L,-0.590529485396318
(HA2)198,L,P,-0.5905370910449863
299,R,L,-0.5905962127220551
328,T,G,-0.5908814669003819
46,S,V,-0.5924188305051044
83,K,S,-0.5929196833110275
279,S,H,-0.5943960578151624
(HA2)87,T,V,-0.5955993417759105
(HA2)46,D,H,-0.5960548106439316
231,S,G,-0.5960840488330468
1,Q,D,-0.5962573956191499
(HA2)205,F,C,-0.596492153400618
(HA2)143,K,E,-0.5966363273611681
(HA2)158,D,G,-0.5969187162421092
(HA2)133,M,G,-0.5971175527079045
-10,L,N,-0.5990634039153295
75,Q,G,-0.5993126458763666
(HA2)101,A,S,-0.6006838513925914
50,E,N,-0.6007681188923729
-16,M,S,-0.600887241552075
160,K,Q,-0.6024867444933633
(HA2)207,M,L,-0.6027615980323644
131,T,A,-0.6036086516778083
(HA2)196,F,P,-0.6036761492123079
(HA2)10,I,L,-0.6038641277563154
191,Q,R,-0.6039682492987266
(HA2)116,N,K,-0.6053770845469947
(HA2)99,L,H,-0.6056243555901475
186,G,V,-0.6057137975441662
(HA2)123,K,T,-0.6068587270789689
224,R,Q,-0.6069135927973672
161,Y,R,-0.60777574411337
236,I,M,-0.608045319537206
127,W,T,-0.608596693508034
140,I,L,-0.608647684412627
(HA2)207,M,D,-0.6086581116118942
253,A,T,-0.6088286893072177
(HA2)167,L,Y,-0.6093349277681375
-16,M,L,-0.610511787121742
-3,V,G,-0.6105230568847424
(HA2)185,W,E,-0.6105372566808037
216,N,E,-0.610719565237472
6,N,R,-0.6114794689774059
(HA2)58,K,R,-0.6117570723254224
92,K,F,-0.6118257498810289
63,N,S,-0.6132775986617767
(HA2)130,A,W,-0.6134523068230799
233,Y,C,-0.6143276198144534
214,S,F,-0.614922147388246
(HA2)181,G,S,-0.6154518129048634
121,N,A,-0.6157809515928205
94,Y,S,-0.6174966670299202
33,Q,L,-0.6178162441328484
(HA2)216,R,M,-0.6211913931336728
117,T,S,-0.6217967903850347
(HA2)148,C,Y,-0.6230003869083218
(HA2)58,K,S,-0.6233006723111529
39,A,T,-0.6250948145741088
(HA2)216,R,S,-0.6257211388708769
(HA2)82,K,G,-0.6260709879087994
(HA2)177,E,G,-0.6267469614147795
(HA2)38,L,K,-0.6274530132368745
238,K,P,-0.6276980683911083
201,R,T,-0.6277104308468047
(HA2)92,W,G,-0.628210165796862
121,N,K,-0.6292227491926516
114,S,A,-0.6297915002047676
(HA2)145,D,R,-0.6305408935190832
(HA2)145,D,G,-0.6307104025628687
(HA2)91,L,N,-0.6309046695128536
142,R,H,-0.6309174203718961
(HA2)186,I,L,-0.6315473032888064
(HA2)73,V,L,-0.6316916067560381
(HA2)102,L,Y,-0.6321252761591865
(HA2)101,A,W,-0.632259653832141
(HA2)101,A,H,-0.632259653832141
185,P,S,-0.6323086256929913
(HA2)114,E,I,-0.6325460637801867
(HA2)114,E,H,-0.6325460637801867
(HA2)113,S,F,-0.6328173527285317
(HA2)113,S,G,-0.6328173527285317
(HA2)68,K,T,-0.6330287826882578
(HA2)41,T,P,-0.6330442719881597
(HA2)48,I,S,-0.6331886178127335
(HA2)96,A,C,-0.6332772479074159
(HA2)96,A,G,-0.6332772479074159
(HA2)96,A,H,-0.6332772479074159
(HA2)126,L,S,-0.6333105059561064
(HA2)126,L,Q,-0.6333105059561064
(HA2)64,H,S,-0.6333429397731873
(HA2)64,H,A,-0.6333429397731873
(HA2)79,D,W,-0.6333788652232902
(HA2)85,E,A,-0.6333979609115894
(HA2)85,E,L,-0.6333979609115894
(HA2)76,R,S,-0.6334232655464862
(HA2)76,R,V,-0.6334232655464862
(HA2)84,V,Q,-0.6334387710392702
(HA2)37,D,S,-0.6335028749578544
(HA2)119,F,I,-0.6335446179812536
(HA2)119,F,W,-0.6335446179812536
(HA2)123,K,L,-0.6335450423783059
(HA2)89,I,A,-0.6336286361547333
(HA2)128,E,F,-0.6336363047817746
(HA2)118,L,S,-0.6336688250199772
(HA2)51,K,A,-0.6337583131423479
(HA2)47,Q,D,-0.6337723140874663
(HA2)59,T,V,-0.6338308777269638
(HA2)124,K,W,-0.6338589597428953
(HA2)43,A,W,-0.6338770354886127
(HA2)62,K,D,-0.6339247228643985
(HA2)62,K,V,-0.6339247228643985
(HA2)42,Q,I,-0.6339913055320867
(HA2)75,G,F,-0.6339947388164078
(HA2)77,I,N,-0.6340191892205453
(HA2)87,T,R,-0.6340643689098409
(HA2)71,S,F,-0.6340754024637187
(HA2)39,K,C,-0.6341529343376264
(HA2)121,K,E,-0.6341672694100449
(HA2)109,D,P,-0.634230251514287
(HA2)109,D,M,-0.634230251514287
(HA2)109,D,Q,-0.634230251514287
232,I,L,-0.6343616001482999
(HA2)108,I,N,-0.6345324943664014
215,P,I,-0.6349880350943866
278,N,D,-0.6366123945809016
(HA2)160,D,S,-0.6377426278855017
(HA2)27,Q,K,-0.638229384490538
(HA2)88,K,F,-0.638338072549459
280,E,K,-0.6386569077804887
(HA2)218,N,R,-0.6389419904143345
1,Q,N,-0.639093519212174
(HA2)181,G,R,-0.6398958219108897
2,K,W,-0.6406319163520345
47,S,F,-0.6409781971932397
4,P,R,-0.6410383294923715
202,I,V,-0.641381486766516
5,G,T,-0.6414540301676108
122,N,Y,-0.641639883370078
25,I,C,-0.6416412112895593
15,L,A,-0.6416592289676804
20,V,C,-0.6417763987072524
20,V,Y,-0.6417763987072524
-11,A,L,-0.6418227305161684
-10,L,V,-0.6418314311197872
49,G,H,-0.6418845681876988
49,G,R,-0.6418845681876988
13,L,V,-0.641936746056453
78,D,S,-0.6419396073452701
54,S,V,-0.642012300370211
28,T,Y,-0.6420311829635058
28,T,K,-0.6420311829635058
30,T,P,-0.6420345609490128
36,V,D,-0.6420444077524177
19,A,K,-0.6420551887698374
-15,K,F,-0.6420940710383778
160,K,I,-0.642137395564867
31,N,H,-0.6421806844966614
67,I,S,-0.642205598921562
-8,Y,N,-0.6423189479127768
10,T,H,-0.6423445639253103
4,P,G,-0.6423774478901525
27,K,I,-0.6423880646305613
6,N,G,-0.6424532332586366
40,T,Q,-0.6425758193922404
40,T,R,-0.6425758193922404
24,T,H,-0.6428526192967399
7,D,H,-0.6429093179501529
7,D,A,-0.6429093179501529
35,E,Q,-0.6429643854931315
236,I,L,-0.643137416277584
56,H,Q,-0.6432835444284172
-15,K,C,-0.6435088017459109
79,F,A,-0.6435843062149615
79,F,P,-0.6435843062149615
23,G,P,-0.6437556177750912
63,N,Q,-0.6441087473772238
63,N,I,-0.6441087473772238
57,Q,M,-0.644847692321893
58,I,F,-0.6448650732196024
80,Q,D,-0.6457089840358041
144,K,M,-0.6464702894508642
161,Y,T,-0.6474888762155817
242,I,E,-0.6476731923840127
166,V,R,-0.6480908856419194
166,V,H,-0.6480908856419194
109,R,W,-0.6481051544897254
169,P,K,-0.6481193212814542
126,N,L,-0.6481813869653634
126,N,V,-0.6481813869653634
130,V,T,-0.6482286677243976
158,N,P,-0.6482859755950308
165,N,E,-0.6482956853575628
103,P,W,-0.6483247446474587
140,I,H,-0.6483352207274777
124,S,L,-0.6484043368173282
102,V,T,-0.6484199061608289
102,V,D,-0.6484199061608289
102,V,I,-0.6484199061608289
114,S,K,-0.6484450516141984
139,C,P,-0.648448128206639
83,K,V,-0.6484546957497546
81,N,T,-0.6484842834796014
117,T,P,-0.6485096113207788
148,F,C,-0.6485209090214997
148,F,V,-0.6485209090214997
93,A,R,-0.6485555775760274
123,E,P,-0.6487855933175481
106,A,P,-0.6488402096329728
106,A,K,-0.6488402096329728
156,H,G,-0.6490429043874
216,N,Q,-0.6495566152125127
121,N,W,-0.649641290268048
121,N,C,-0.649641290268048
130,V,I,-0.6499175994625239
143,S,I,-0.6503517613677742
164,L,A,-0.6504780878357338
117,T,A,-0.6515026771176294
161,Y,W,-0.6526006538799323
(HA2)78,Q,K,-0.6530579889472341
91,S,T,-0.6536840190017326
(HA2)134,G,Q,-0.6551036075275829
(HA2)185,W,M,-0.6552645665759746
(HA2)182,Y,Q,-0.6558451046350362
17,H,P,-0.6572704609061695
(HA2)138,F,S,-0.6575244405851737
(HA2)46,D,R,-0.657525605605813
223,V,Q,-0.657623101072621
188,D,A,-0.6578015524101523
15,L,I,-0.6583443479371249
53,D,C,-0.6599602299762191
54,S,I,-0.6601684560088683
214,S,I,-0.6603643751133741
201,R,V,-0.6604172306815972
16,G,P,-0.660827880279715
(HA2)139,K,T,-0.6611032102837391
310,K,V,-0.6620301956416581
(HA2)102,L,R,-0.6620655278597571
(HA2)136,G,V,-0.6622691733876572
(HA2)169,N,R,-0.6626012892607251
309,V,I,-0.6638342458221249
4,P,T,-0.6641161632579065
55,P,S,-0.6642267947550666
1,Q,L,-0.6642910725157597
(HA2)219,I,L,-0.6646503852058372
(HA2)135,N,P,-0.6649418845882641
(HA2)194,S,A,-0.6651544906144988
(HA2)102,L,Q,-0.6652855136378852
(HA2)176,V,G,-0.6654687080787502
(HA2)177,E,S,-0.6662251361447495
128,T,A,-0.6686813164789664
(HA2)161,V,L,-0.6700019839359352
(HA2)195,C,D,-0.6700418152466725
99,P,S,-0.6704309338195208
(HA2)198,L,S,-0.6707532314500411
(HA2)177,E,N,-0.671070278831404
53,D,S,-0.6725294730794178
56,H,Y,-0.6730784854054334
(HA2)218,N,K,-0.673353399006663
44,Q,T,-0.6736232719242525
(HA2)147,A,C,-0.6737775305565681
201,R,H,-0.6751107160934702
265,S,N,-0.6753733754228333
(HA2)140,I,K,-0.6758574696274244
(HA2)29,S,H,-0.6760171775183577
(HA2)98,L,F,-0.6760339070736103
32,D,Y,-0.6762212740791108
(HA2)114,E,T,-0.6762214726794913
216,N,R,-0.6762827296245193
(HA2)61,E,I,-0.6765554301064015
172,E,G,-0.6766848565524834
(HA2)212,K,N,-0.6768036471527352
(HA2)129,N,T,-0.6771038158398646
(HA2)129,N,K,-0.6771038158398646
(HA2)121,K,D,-0.6771869845023359
(HA2)164,D,F,-0.6774076744704425
(HA2)164,D,Q,-0.6774076744704425
(HA2)172,Q,S,-0.6774357936682545
(HA2)10,I,V,-0.6775721204725564
(HA2)54,R,T,-0.6776652717663525
(HA2)42,Q,V,-0.6777210792567661
(HA2)217,C,G,-0.6777461182976401
(HA2)186,I,N,-0.6778381862936733
(HA2)116,N,Q,-0.6781078162767499
(HA2)132,D,K,-0.6781417947318036
(HA2)132,D,T,-0.6781417947318036
(HA2)210,C,W,-0.67815109833455
(HA2)210,C,A,-0.67815109833455
(HA2)138,F,D,-0.6782802889511588
(HA2)187,L,N,-0.6783746332033976
(HA2)219,I,S,-0.6784163721779215
(HA2)221,I,L,-0.6784277164297233
(HA2)215,I,P,-0.6787498366811828
(HA2)201,A,M,-0.6787669943450112
(HA2)182,Y,R,-0.6789180015572207
(HA2)211,Q,C,-0.6790398202073274
(HA2)214,N,F,-0.6792501540675254
(HA2)202,L,W,-0.679337641314631
(HA2)200,V,K,-0.679343590859749
(HA2)200,V,C,-0.679343590859749
307,R,A,-0.6796325186118182
142,R,S,-0.6798700738406087
(HA2)149,I,P,-0.6799837822490659
134,G,R,-0.6800205320345989
(HA2)133,M,K,-0.680154550449465
(HA2)119,F,S,-0.6803634704994269
(HA2)46,D,A,-0.6812399056196947
327,Q,N,-0.6813903047177998
162,P,L,-0.6820096057416556
(HA2)144,C,H,-0.6827279944404006
157,L,S,-0.6830175972017388
(HA2)11,E,K,-0.6842008843096721
289,P,A,-0.6843765020156938
(HA2)24,F,Y,-0.6844813573803489
307,R,T,-0.6846596223696138
143,S,E,-0.6855717016639282
(HA2)199,C,S,-0.6866392104060792
51,I,V,-0.6885032085255717
65,T,S,-0.6886007572953947
37,T,C,-0.6886026281056672
(HA2)164,D,R,-0.6888502295947301
50,E,A,-0.690141649931199
310,K,S,-0.6903445892016963
(HA2)20,G,H,-0.6906277146598073
311,Q,S,-0.6906584134144513
279,S,Y,-0.690783597250668
318,T,R,-0.6909458726473432
(HA2)14,W,T,-0.6910436590782054
276,K,I,-0.6913282721611556
(HA2)156,T,R,-0.6919782425158942
(HA2)216,R,L,-0.6920059221132735
328,T,H,-0.6930257164922171
325,E,P,-0.6931116345233144
(HA2)77,I,T,-0.6938642847382588
(HA2)208,W,P,-0.694610378882618
(HA2)77,I,L,-0.6961854412792736
78,D,G,-0.6964256486578067
100,Y,C,-0.6964733961350527
130,V,F,-0.6969548283908157
135,T,E,-0.6970560611640615
6,N,A,-0.6970994484045007
152,N,K,-0.6971730724827083
117,T,K,-0.6973609096171498
173,Q,E,-0.6973935030814312
323,V,L,-0.6976411110289107
(HA2)184,D,S,-0.6981350377209414
(HA2)181,G,Q,-0.6986253972289401
21,P,L,-0.6988670606161422
(HA2)28,N,K,-0.6995729393182425
300,I,E,-0.6997914923067545
305,C,W,-0.7000102980649632
277,C,T,-0.7000220074369602
311,Q,T,-0.7000539749873517
272,A,R,-0.7000864245576464
298,N,P,-0.7000868378895964
320,M,L,-0.7001251684012852
(HA2)25,R,Y,-0.7001312866298401
(HA2)5,A,M,-0.7001906860018337
271,D,S,-0.7002123733511882
296,N,H,-0.7002734912662387
(HA2)2,I,N,-0.7002892709477864
318,T,Q,-0.700348446550842
(HA2)45,I,Q,-0.7003865136208818
(HA2)12,N,Y,-0.700419832637081
(HA2)12,N,F,-0.700419832637081
301,T,N,-0.7004274009788699
(HA2)21,W,T,-0.7004831068479125
(HA2)13,G,C,-0.7005490186074366
313,T,G,-0.7005589315149015
307,R,F,-0.7006296419175807
276,K,L,-0.700655602281073
326,K,Q,-0.7006623030774388
(HA2)7,A,M,-0.7007767516930915
324,P,R,-0.7008574373627308
(HA2)19,D,H,-0.7011264835862766
(HA2)57,G,R,-0.7013838083906099
205,S,P,-0.7018520119046683
220,R,K,-0.7024362237090483
(HA2)138,F,E,-0.7025311988344263
314,L,V,-0.7034364607865056
271,D,N,-0.7034946291522408
269,R,I,-0.7036468502608684
92,K,S,-0.703729344593022
141,R,G,-0.7041601569993381
(HA2)53,N,K,-0.7050803607885814
(HA2)53,N,T,-0.7050803607885814
193,F,L,-0.7051844732741244
(HA2)20,G,C,-0.7065801947905324
(HA2)82,K,Q,-0.7071936348040047
(HA2)128,E,A,-0.7076521731376659
160,K,D,-0.7080620748443165
(HA2)42,Q,N,-0.7081645093098543
(HA2)99,L,M,-0.7082870844618377
(HA2)213,G,R,-0.7089361847821212
(HA2)98,L,V,-0.7093101996976897
299,R,P,-0.7097321969668118
(HA2)179,K,F,-0.7117848186104898
135,T,I,-0.717069095012173
7,D,R,-0.717524716860596
-15,K,S,-0.7179830506505451
227,P,G,-0.719548561706524
-14,T,N,-0.7201669866203741
43,V,R,-0.7203610745252942
25,I,Q,-0.7205387159887184
-8,Y,R,-0.7212136286985129
7,D,L,-0.7219366060147152
(HA2)20,G,S,-0.7228561271251437
297,V,I,-0.7233387890877052
(HA2)210,C,S,-0.7236852016782825
(HA2)199,C,I,-0.7239270563146747
(HA2)23,G,S,-0.7243234959534335
-16,M,V,-0.7243958511516463
(HA2)177,E,M,-0.7249385228638133
21,P,G,-0.7260542799227142
29,I,V,-0.7265399256892106
(HA2)82,K,A,-0.727942146517612
325,E,R,-0.7285606884285383
(HA2)101,A,E,-0.7291767443370627
(HA2)120,E,L,-0.7301035073647895
(HA2)47,Q,E,-0.7302632724154532
112,V,A,-0.7307681316291557
83,K,H,-0.7310586997859331
83,K,N,-0.7310586997859331
(HA2)87,T,N,-0.7311656773097528
173,Q,H,-0.7312487400154654
(HA2)184,D,H,-0.7318410873430433
90,R,C,-0.7319675355171771
(HA2)27,Q,T,-0.734122015941473
(HA2)143,K,R,-0.7349582891895781
253,A,V,-0.735684410046603
244,L,P,-0.7375445584234968
188,D,Y,-0.7380481940944581
210,Q,N,-0.7380589164352731
194,L,M,-0.7384893414260454
262,S,L,-0.7385669918133829
263,G,E,-0.7389263928669472
177,L,Y,-0.7392676842746895
179,I,S,-0.7392954237549053
207,K,M,-0.7393790538423454
250,N,P,-0.7393979468291216
250,N,I,-0.7393979468291216
211,Q,N,-0.7394065781857774
246,N,T,-0.7395132516474889
245,I,P,-0.7395210240922321
242,I,N,-0.7395752263220519
219,S,R,-0.7395915481365914
237,V,N,-0.7396024428298575
237,V,E,-0.7396024428298575
191,Q,H,-0.739684151385273
187,T,E,-0.7397351547403506
249,G,V,-0.7397630902343373
236,I,A,-0.7399136792908623
251,L,N,-0.7399419567936194
235,T,V,-0.7399447436389759
195,Y,S,-0.7401534265113616
247,S,F,-0.740215619358533
247,S,C,-0.740215619358533
256,G,V,-0.7402634246512492
218,G,H,-0.7402641783370598
184,H,Q,-0.7402841441912387
208,R,D,-0.7402912421497103
174,F,S,-0.7408048579820614
261,R,A,-0.7410951710421076
216,N,Y,-0.7413860426145258
219,S,G,-0.7418737307261692
214,S,Q,-0.7419180651402741
261,R,T,-0.7419883845052373
199,S,G,-0.7421487660902537
214,S,Y,-0.7423310114877575
215,P,S,-0.7437227809570587
(HA2)181,G,F,-0.7438009819476759
(HA2)180,S,A,-0.7438013632624386
47,S,L,-0.7451710620063127
(HA2)206,I,F,-0.7460632032496667
124,S,P,-0.7463641298961565
14,C,A,-0.7471256809762308
(HA2)125,Q,L,-0.7471973049036753
(HA2)203,L,T,-0.7474928235053269
(HA2)140,I,R,-0.747557966305934
(HA2)161,V,T,-0.7476829413619535
(HA2)161,V,S,-0.7476829413619535
(HA2)39,K,M,-0.7477515155251298
(HA2)148,C,L,-0.7478460432566422
(HA2)201,A,R,-0.7479218712964708
(HA2)134,G,V,-0.7481468914579585
(HA2)169,N,S,-0.748182012813995
92,K,D,-0.7493727370914769
(HA2)95,N,G,-0.7497634241529767
(HA2)142,H,W,-0.7502860888306578
(HA2)173,I,L,-0.7506606605318124
258,F,L,-0.7521165276151592
198,A,V,-0.755704310589495
110,S,A,-0.7560145213785731
(HA2)27,Q,L,-0.7584382167224354
(HA2)62,K,E,-0.7611193083928022
5,G,R,-0.761578058398464
291,D,E,-0.762171476942805
-5,C,L,-0.7625315002265187
(HA2)212,K,V,-0.7627208191358346
103,P,T,-0.7631834634306598
(HA2)177,E,R,-0.7649777560028148
(HA2)143,K,V,-0.7652824007500736
(HA2)88,K,E,-0.7654680993619847
(HA2)111,T,I,-0.7654901900441846
(HA2)75,G,W,-0.7661329178199876
4,P,S,-0.7662764501156012
(HA2)196,F,C,-0.7664008607056617
(HA2)154,N,S,-0.7676072087419445
306,P,L,-0.7685478356199755
(HA2)139,K,W,-0.7692689053962903
192,I,L,-0.7710113508189411
(HA2)144,C,I,-0.7710620947041118
(HA2)57,G,E,-0.7720665788098575
(HA2)15,E,V,-0.7721425913811235
(HA2)179,K,R,-0.7729847104038184
(HA2)169,N,T,-0.773891953064758
115,S,F,-0.774206123715448
(HA2)133,M,I,-0.7750437603799438
301,T,S,-0.7752925877044333
(HA2)143,K,N,-0.7773798330802705
8,N,K,-0.7775070881600523
-7,I,S,-0.7783046164311902
94,Y,L,-0.7787859962797188
291,D,N,-0.7799382149044811
(HA2)61,E,L,-0.7801365319659156
(HA2)30,E,Q,-0.7806625193482534
(HA2)19,D,E,-0.7819184491817864
114,S,P,-0.7820106136177486
327,Q,G,-0.7832163957345163
(HA2)139,K,P,-0.7875223062262433
(HA2)163,R,N,-0.7899522074025731
(HA2)173,I,R,-0.7913180267609132
(HA2)52,L,W,-0.7921440121891057
(HA2)73,V,E,-0.7931846057163006
(HA2)212,K,Q,-0.7936533488982002
(HA2)101,A,N,-0.7938629600394517
234,W,R,-0.7940117904198809
215,P,T,-0.794100745817764
(HA2)70,F,I,-0.7946818282901613
(HA2)126,L,T,-0.7947821643233939
(HA2)79,D,P,-0.7948919979975426
(HA2)79,D,V,-0.7948919979975426
(HA2)125,Q,F,-0.7949006471377126
(HA2)84,V,P,-0.7949282965989273
(HA2)110,L,S,-0.7950740896461246
(HA2)89,I,S,-0.7951120258791186
(HA2)174,K,L,-0.7952015307404952
(HA2)47,Q,M,-0.795266979537546
(HA2)122,T,Y,-0.7952898226998275
(HA2)59,T,F,-0.795315441864882
(HA2)59,T,E,-0.795315441864882
(HA2)50,G,D,-0.7953237267253579
(HA2)97,E,P,-0.7953385577699067
(HA2)124,K,D,-0.795351404511131
(HA2)62,K,Q,-0.7954042904316284
(HA2)107,T,E,-0.7954060681775471
(HA2)54,R,L,-0.7954803227790198
(HA2)77,I,P,-0.7955197149579265
(HA2)71,S,K,-0.7955702082847739
(HA2)99,L,Q,-0.7955853557044431
(HA2)80,L,C,-0.7956110855953443
(HA2)199,C,Q,-0.7956289363780765
(HA2)105,Q,G,-0.7956956245359647
(HA2)46,D,K,-0.7957633595382898
222,R,Q,-0.7959709011171974
(HA2)98,L,M,-0.7961962897257442
(HA2)198,L,E,-0.7962841135338998
(HA2)92,W,Y,-0.7965431858103575
(HA2)165,E,S,-0.7973604415167507
106,A,T,-0.7979190171474244
299,R,H,-0.7987786885486279
(HA2)106,H,V,-0.7989055598996233
310,K,N,-0.7996634094505672
(HA2)155,G,V,-0.8001038214610698
(HA2)54,R,G,-0.8013320240499988
296,N,T,-0.8027190898934409
(HA2)11,E,V,-0.8027914068133711
304,A,N,-0.8028092483967856
316,L,W,-0.8028836297062386
(HA2)171,F,C,-0.803217995774912
(HA2)27,Q,C,-0.8044674954114253
-5,C,K,-0.8046367594131928
77,D,I,-0.8047084275344325
38,N,H,-0.8048491033580061
-10,L,G,-0.804946584235149
12,T,I,-0.8049547781185107
55,P,I,-0.8050977218219534
37,T,G,-0.8051152189811781
28,T,G,-0.8051156484575518
-13,I,G,-0.8051544410035311
-13,I,Y,-0.8051544410035311
-13,I,R,-0.8051544410035311
70,L,N,-0.8051662287554783
-12,I,A,-0.8051811415310961
34,I,E,-0.8052475448435725
-8,Y,D,-0.8053963789474821
10,T,Y,-0.8054667125068345
4,P,A,-0.8054937017341846
6,N,Y,-0.8055524154634621
6,N,M,-0.8055524154634621
69,A,R,-0.8056317380779991
69,A,S,-0.8056317380779991
29,I,S,-0.8057233969219203
(HA2)110,L,A,-0.805805906097821
46,S,D,-0.8059276545382361
46,S,I,-0.8059276545382361
35,E,L,-0.8061616675927424
199,S,T,-0.8062133153511422
-15,K,H,-0.8066034667974591
72,G,I,-0.8066111000263513
44,Q,A,-0.8066245559270853
44,Q,F,-0.8066245559270853
79,F,G,-0.8066743190150503
79,F,W,-0.8066743190150503
-3,V,N,-0.8068087233908033
57,Q,E,-0.8079398173361648
(HA2)70,F,Y,-0.8087872244928814
(HA2)72,E,K,-0.8089536774016101
(HA2)79,D,E,-0.8090405386453536
(HA2)110,L,F,-0.8091904651983026
(HA2)57,G,C,-0.8094063160069136
(HA2)99,L,S,-0.8097798427287612
(HA2)105,Q,E,-0.8099486196353514
21,P,Y,-0.8101536341991571
(HA2)108,I,S,-0.8103979574420932
109,R,L,-0.8124835911640804
128,T,S,-0.8125143438010759
87,F,I,-0.8125289166000665
95,S,A,-0.8125448855798956
133,N,I,-0.8125731986743125
133,N,L,-0.8125731986743125
85,D,E,-0.812605685379213
103,P,R,-0.81265065749875
103,P,I,-0.81265065749875
170,N,H,-0.8127356760074254
81,N,Y,-0.8127831178083127
173,Q,T,-0.8129316416480961
168,M,G,-0.8129330653646817
88,V,W,-0.8130594168556771
138,A,H,-0.8131393700007492
149,S,K,-0.8131630876376181
123,E,R,-0.8131818858243275
163,A,R,-0.8133312445123206
121,N,G,-0.8139778026349818
94,Y,P,-0.8141132814660021
96,N,V,-0.8146463323483415
96,N,Q,-0.8146463323483415
(HA2)209,A,L,-0.8157430256960523
92,K,I,-0.8159465454709055
(HA2)106,H,Y,-0.8165202886931134
184,H,N,-0.8165466942434108
188,D,G,-0.8169898714993493
211,Q,R,-0.8174179219636298
(HA2)61,E,R,-0.8184200620714375
1,Q,H,-0.818649816955598
(HA2)69,E,A,-0.8190473791423193
(HA2)38,L,T,-0.8200980911792705
208,R,S,-0.8201386065367324
(HA2)146,N,L,-0.8212751132066949
(HA2)166,A,S,-0.8213056062208487
-13,I,C,-0.8216066843382753
31,N,E,-0.8217372074785001
47,S,H,-0.8219140956426392
4,P,D,-0.8220045625317671
-1,A,V,-0.8220618887743854
56,H,L,-0.8231744894889215
208,R,G,-0.8238185516620945
(HA2)11,E,S,-0.8239974839171015
(HA2)21,W,R,-0.8258576087230368
323,V,I,-0.826264959427587
(HA2)67,E,D,-0.8263493846620026
(HA2)96,A,Y,-0.8264163089585527
(HA2)116,N,S,-0.8264786051657705
4,P,L,-0.8265676866185179
172,E,K,-0.8276431490412022
179,I,F,-0.8281787354138723
87,F,S,-0.8297480501921504
(HA2)140,I,S,-0.8306383434991391
218,G,E,-0.8307131289956736
247,S,R,-0.8312049323409952
(HA2)28,N,T,-0.8319653224659338
310,K,H,-0.8320901056630851
273,P,L,-0.8323148570567971
308,Y,V,-0.832338863382335
94,Y,N,-0.8323688941864166
(HA2)8,G,A,-0.8324459421600257
(HA2)199,C,G,-0.8324661797516113
(HA2)25,R,Q,-0.8325282945372221
294,F,T,-0.8326440938318911
294,F,Y,-0.8326440938318911
(HA2)26,H,F,-0.8326638713745081
(HA2)106,H,G,-0.8327020230584851
318,T,S,-0.8327308918113284
278,N,L,-0.8327759705095412
224,R,H,-0.8328007366354165
(HA2)21,W,V,-0.8328811546561803
(HA2)24,F,W,-0.8329457399750226
280,E,R,-0.8330387094821919
326,K,V,-0.8331589899869185
(HA2)150,G,A,-0.8334222361196616
45,S,V,-0.8334745290751193
(HA2)19,D,I,-0.8335421902259338
(HA2)15,E,Y,-0.8337584418680386
(HA2)15,E,A,-0.8337584418680386
(HA2)17,M,N,-0.8339932887501283
24,T,L,-0.834263840789359
(HA2)27,Q,M,-0.8343650754435304
327,Q,A,-0.8344386657654602
327,Q,H,-0.8344386657654602
315,K,L,-0.8348484622199428
(HA2)159,H,Q,-0.8349958674678206
195,Y,N,-0.8365897329195499
198,A,T,-0.8371051237562022
75,Q,K,-0.8374544068524596
150,R,G,-0.8378463879763488
(HA2)198,L,D,-0.8388794612093518
(HA2)207,M,K,-0.8393512919015405
187,T,D,-0.8404977861200943
(HA2)158,D,R,-0.8406017736550737
247,S,T,-0.8413014664702498
(HA2)180,S,F,-0.8421833574628954
48,T,L,-0.8434603670432901
166,V,I,-0.8437115973513467
170,N,S,-0.843938570198886
158,N,T,-0.8439581468476984
88,V,P,-0.8444199170089186
(HA2)107,T,A,-0.8445242786309916
(HA2)137,C,P,-0.8450104654815015
(HA2)156,T,F,-0.8450240744637114
94,Y,I,-0.8452686201151715
(HA2)174,K,N,-0.8454776669390338
143,S,N,-0.8458815675779504
(HA2)206,I,E,-0.846741295765021
(HA2)191,F,N,-0.8471749003499062
(HA2)160,D,M,-0.8478884164781293
188,D,N,-0.8480528861557057
(HA2)138,F,Y,-0.8482052903934709
(HA2)152,I,A,-0.8482922653117158
(HA2)187,L,D,-0.8482996346457098
(HA2)203,L,V,-0.8483670987192904
(HA2)135,N,Y,-0.8485619691098762
(HA2)218,N,C,-0.8485803700681229
(HA2)161,V,F,-0.8486832575338613
-12,I,T,-0.848720918311214
33,Q,H,-0.8490992192949951
(HA2)159,H,K,-0.8492133842601584
(HA2)171,F,H,-0.849401399225065
268,M,L,-0.8494819954475912
(HA2)209,A,V,-0.8501433218515557
(HA2)197,L,P,-0.8507857999360309
1,Q,T,-0.8510337360021948
(HA2)150,G,T,-0.8513028880722477
222,R,A,-0.8519323604056988
84,W,F,-0.8530085404823147
153,W,R,-0.8533673880740763
81,N,S,-0.8535241967799709
227,P,Q,-0.8554853733955005
179,I,L,-0.8555689012484675
175,D,N,-0.8558043826750941
(HA2)133,M,Q,-0.8565845305367203
232,I,F,-0.8567540214847479
(HA2)177,E,A,-0.8578262369169183
(HA2)136,G,D,-0.8589910251206677
(HA2)185,W,V,-0.8600437186546412
(HA2)151,S,A,-0.8609145435900976
(HA2)183,K,T,-0.8622505791376301
(HA2)62,K,R,-0.8624814148593518
155,T,S,-0.8627190815979521
-16,M,Q,-0.8646748597186074
92,K,Y,-0.8653920554867058
(HA2)184,D,I,-0.8655406103699628
(HA2)137,C,K,-0.868649642975247
(HA2)35,A,T,-0.8690912130748911
-3,V,C,-0.8694261193916968
(HA2)32,R,T,-0.8698234947904839
39,A,S,-0.8712628794775397
288,I,L,-0.8716039886249254
(HA2)14,W,S,-0.8719200086551047
280,E,P,-0.8720539181063676
184,H,Y,-0.87280607476889
(HA2)152,I,Q,-0.8735177933154836
(HA2)17,M,L,-0.8747101998482655
244,L,T,-0.8754072877998018
223,V,F,-0.8762694248937846
262,S,Q,-0.8764086909688336
239,P,T,-0.8766049459059654
228,S,F,-0.8768232647113684
261,R,N,-0.8772984872139676
219,S,H,-0.8774756864450276
267,I,A,-0.8776476128288603
199,S,R,-0.8778629796984131
217,I,M,-0.8779201231817131
209,S,M,-0.8791158531193841
(HA2)196,F,V,-0.8815457397180908
122,N,T,-0.8816303887740041
(HA2)172,Q,A,-0.8839650914216262
(HA2)217,C,N,-0.8841857282522512
9,S,R,-0.8842334761508217
(HA2)160,D,K,-0.8842862971886079
(HA2)181,G,T,-0.8844575189635658
258,F,S,-0.8851761435812359
(HA2)201,A,G,-0.8854253950464057
163,A,T,-0.8874818179444359
262,S,G,-0.8874851252975102
(HA2)196,F,K,-0.887636319110881
259,K,E,-0.8878382222867873
149,S,A,-0.888411838351085
265,S,G,-0.8888820758607516
(HA2)158,D,V,-0.891560921592315
(HA2)180,S,V,-0.8918219182593046
121,N,Y,-0.8989279809013725
(HA2)54,R,K,-0.9025394700434137
270,S,T,-0.9062364874756399
283,T,S,-0.9063657065424207
276,K,S,-0.907021200219899
326,K,L,-0.9074336689455469
324,P,A,-0.9084641637633326
121,N,T,-0.9087625060712275
(HA2)41,T,N,-0.9092500946864136
(HA2)49,N,A,-0.9093880311576904
(HA2)172,Q,D,-0.9096110619756301
(HA2)161,V,E,-0.9105734004410767
259,K,T,-0.911382450306784
(HA2)171,F,S,-0.9119136859115935
226,I,M,-0.9119374279684521
(HA2)63,F,Y,-0.9125465317198165
(HA2)179,K,S,-0.9133259036958215
(HA2)97,E,D,-0.9135023884928839
40,T,I,-0.9140716006178304
79,F,L,-0.914898916404134
(HA2)49,N,H,-0.9171915542040593
(HA2)124,K,S,-0.9174462466596236
(HA2)87,T,S,-0.9175274366632731
(HA2)107,T,V,-0.9177133658357898
222,R,I,-0.9177404499140132
(HA2)40,S,N,-0.91857991371083
71,L,F,-0.9191655593720793
5,G,A,-0.9192610169450642
(HA2)82,K,H,-0.9222328028249382
(HA2)19,D,P,-0.9223447616297669
34,I,L,-0.9225444149040087
(HA2)27,Q,E,-0.9231437244535476
(HA2)159,H,A,-0.9232889579769811
260,I,M,-0.9259431217205651
(HA2)209,A,H,-0.9263395211829396
(HA2)18,V,A,-0.9280989708781398
(HA2)16,G,R,-0.928287028982247
(HA2)86,D,A,-0.9291844635110317
19,A,P,-0.9296127016968629
(HA2)81,E,T,-0.9297838974116387
(HA2)81,E,F,-0.9297838974116387
10,T,L,-0.929933003305073
1,Q,E,-0.929994856073497
(HA2)128,E,D,-0.9300445944741138
(HA2)77,I,A,-0.9305248232909413
(HA2)42,Q,S,-0.930556930646302
(HA2)38,L,A,-0.9309751524111128
150,R,S,-0.931263763223194
(HA2)150,G,S,-0.9323962366573475
36,V,P,-0.933032342479535
200,G,A,-0.933260776298749
212,I,Q,-0.9334093478299812
(HA2)89,I,M,-0.933488402255148
-7,I,V,-0.9338048549064344
(HA2)106,H,Q,-0.9339982575016417
24,T,F,-0.9340225898579142
207,K,S,-0.9343283913523763
189,K,T,-0.9373914362091164
27,K,S,-0.9377677798378821
(HA2)91,L,Q,-0.9378450233978506
103,P,S,-0.9378512216131515
192,I,A,-0.9385830792613555
(HA2)124,K,M,-0.9388468844101353
202,I,T,-0.9391834676602864
94,Y,G,-0.9392395235881074
(HA2)55,L,A,-0.9394659703523195
(HA2)113,S,C,-0.9395624435819352
(HA2)48,I,F,-0.9398808778870907
(HA2)70,F,G,-0.9398962956747958
(HA2)36,A,G,-0.9400516097980267
(HA2)85,E,R,-0.9401273211567008
(HA2)121,K,V,-0.9402213903361298
(HA2)121,K,F,-0.9402213903361298
(HA2)121,K,L,-0.9402213903361298
(HA2)110,L,G,-0.9402945723799436
(HA2)110,L,W,-0.9402945723799436
(HA2)89,I,N,-0.9403260847734076
(HA2)58,K,D,-0.9403378194165455
(HA2)35,A,G,-0.9403668150716458
(HA2)120,E,R,-0.9403734935211313
(HA2)77,I,S,-0.940747628005447
(HA2)116,N,G,-0.9411422221105437
(HA2)109,D,L,-0.941203122263823
(HA2)38,L,M,-0.9412253508683237
(HA2)38,L,W,-0.9412253508683237
(HA2)38,L,H,-0.9424111723015428
160,K,A,-0.9425485112829778
(HA2)169,N,L,-0.9425881147342092
-10,L,E,-0.9432327836103827
121,N,F,-0.943407912630871
46,S,R,-0.9444742685087533
(HA2)205,F,Y,-0.9445539681246976
315,K,E,-0.9449589398063769
56,H,R,-0.9450115233883948
168,M,V,-0.9451523993621399
(HA2)207,M,N,-0.9455023197430775
(HA2)178,L,I,-0.9456232667217743
(HA2)131,E,I,-0.9478498193758379
117,T,R,-0.9488320431271432
216,N,S,-0.9488579773147829
(HA2)159,H,F,-0.9492888833239226
80,Q,E,-0.9507440226631434
25,I,G,-0.9512218665820279
213,V,L,-0.9513024315524357
-12,I,M,-0.9516980631896333
45,S,Q,-0.9517384306666712
45,S,H,-0.9517384306666712
75,Q,A,-0.9517454973662287
68,D,F,-0.9517904951679912
73,D,S,-0.9518160467440295
67,I,L,-0.9518992950925677
47,S,A,-0.9519165366910067
47,S,D,-0.9519165366910067
33,Q,F,-0.9520390794222228
42,L,V,-0.9520419520975691
39,A,L,-0.9521316741408894
-2,F,K,-0.9524972946606433
84,W,G,-0.9529554389228619
-15,K,Q,-0.9531189120019975
56,H,P,-0.9531255413986841
50,E,H,-0.9531760557649929
166,V,T,-0.9532275352283645
293,P,L,-0.9532386422237535
85,D,N,-0.9533266898372871
82,K,V,-0.9536045542048512
(HA2)16,G,P,-0.9537397983499971
279,S,K,-0.9538180030844616
279,S,I,-0.9538180030844616
293,P,A,-0.9538466992627332
269,R,Y,-0.9540624839464209
315,K,Q,-0.954213412324123
313,T,E,-0.9543163776393674
(HA2)19,D,T,-0.9548194753575142
(HA2)29,S,N,-0.9548267514186067
58,I,L,-0.9549263540829838
299,R,G,-0.9552356824226763
324,P,V,-0.9556685415442262
(HA2)18,V,C,-0.956564848201469
57,Q,L,-0.9573990157016758
89,E,L,-0.9599036229939703
136,S,T,-0.9599938385322269
173,Q,D,-0.9604279089152251
167,T,N,-0.9604594938001955
129,G,A,-0.9605339737439819
121,N,Q,-0.9614944658707983
207,K,L,-0.9622106656018674
209,S,N,-0.9623599137876484
221,P,C,-0.9628282390798139
259,K,G,-0.9632613935315687
214,S,E,-0.9635432723875883
(HA2)95,N,S,-0.9645030213546157
92,K,E,-0.9645975099595959
(HA2)202,L,F,-0.9646228837488273
(HA2)176,V,A,-0.9673581882817085
(HA2)133,M,A,-0.9681976423549717
141,R,K,-0.9693225779427251
(HA2)89,I,L,-0.9694174373142391
183,L,P,-0.9704125292580004
(HA2)69,E,K,-0.9722751227239396
(HA2)54,R,E,-0.978272529566364
247,S,A,-0.9840842780089035
(HA2)61,E,N,-0.9881792371750338
218,G,L,-0.9883113018869732
7,D,V,-0.988566029694457
46,S,F,-0.9893238322738668
57,Q,V,-0.9903296313872503
(HA2)107,T,W,-0.9914046938636101
(HA2)151,S,P,-0.9954097477612087
86,L,F,-0.9965427513922106
103,P,Q,-0.996592645236437
(HA2)126,L,P,-0.9967455941799634
(HA2)164,D,I,-0.9993357693578048
(HA2)210,C,N,-1.0000791932219122
(HA2)198,L,K,-1.0004630744234002
(HA2)195,C,Q,-1.000473810251789
(HA2)205,F,N,-1.001197903012323
244,L,R,-1.0012374396016874
244,L,C,-1.0012374396016874
(HA2)168,N,D,-1.0023226118854962
178,Y,Q,-1.0023491880769606
(HA2)179,K,P,-1.0024721812649628
266,S,G,-1.0027011579477612
176,K,P,-1.0028420936759783
(HA2)71,S,R,-1.0028496441426564
197,Q,G,-1.0030286530926524
(HA2)196,F,A,-1.0030833558593188
204,V,L,-1.0031767649520649
234,W,H,-1.0034341352305927
168,M,I,-1.00361143501102
(HA2)85,E,D,-1.0040172295809888
216,N,F,-1.005060578894488
231,S,V,-1.0052411961646843
167,T,S,-1.0055137132035974
219,S,A,-1.0056469588861279
226,I,V,-1.0073827354584552
(HA2)153,R,N,-1.009824213659694
(HA2)153,R,D,-1.009824213659694
(HA2)182,Y,K,-1.010658172805672
(HA2)204,G,C,-1.0107694788376365
(HA2)178,L,V,-1.0109706246654269
261,R,S,-1.0123295394465073
(HA2)179,K,Y,-1.0128107738238787
(HA2)150,G,I,-1.013377821775795
29,I,P,-1.0177409646645181
9,S,P,-1.0185915610876408
(HA2)59,T,S,-1.0195081052086459
(HA2)57,G,W,-1.0195620364396152
7,D,S,-1.0195905091886213
-15,K,G,-1.0200611974814988
94,Y,Q,-1.020204484572347
(HA2)200,V,G,-1.021288483279547
234,W,F,-1.021440053000373
209,S,V,-1.021465839029823
(HA2)165,E,K,-1.022515026399298
216,N,T,-1.0230749448878547
(HA2)182,Y,G,-1.02386973908662
(HA2)207,M,R,-1.0256224504938731
-8,Y,G,-1.0265641718080658
(HA2)180,S,K,-1.0276812109919977
103,P,H,-1.030840599546874
(HA2)176,V,R,-1.0314921466844085
93,A,V,-1.0320263365195497
(HA2)168,N,H,-1.0332922147807293
49,G,P,-1.0345262836428981
75,Q,L,-1.0346767901245482
-16,M,R,-1.0347550637189433
-7,I,D,-1.0354347536363084
322,N,S,-1.0375521698175603
318,T,V,-1.0377075222202363
269,R,S,-1.037871861636124
(HA2)124,K,V,-1.0418622122014218
(HA2)87,T,I,-1.0419726593334475
(HA2)71,S,G,-1.0420869474402092
80,Q,L,-1.0434666958156107
216,N,V,-1.0435693551332934
(HA2)144,C,G,-1.0438105256458645
(HA2)116,N,A,-1.044896859849734
(HA2)42,Q,R,-1.0464629487493675
(HA2)134,G,C,-1.0478167239456946
188,D,L,-1.049752717548235
(HA2)177,E,V,-1.0523445095545652
31,N,A,-1.0557790321915066
48,T,A,-1.0565827703451647
215,P,L,-1.0566823594209163
16,G,R,-1.0568348865077295
189,K,I,-1.061911994015551
184,H,E,-1.062212239078601
176,K,W,-1.062306673996609
218,G,S,-1.0631010614226497
251,L,F,-1.0641816323145776
(HA2)34,Q,M,-1.065211063051523
94,Y,V,-1.0654299343038003
(HA2)16,G,S,-1.0655908663343063
(HA2)33,G,V,-1.0657018184449194
(HA2)22,Y,S,-1.0657526257604655
269,R,H,-1.065925741772098
(HA2)14,W,I,-1.0659443495984169
301,T,L,-1.0659806445079965
119,E,I,-1.0661995445728643
158,N,R,-1.0663505681841465
82,K,L,-1.0664549822203067
(HA2)66,I,R,-1.0664563745715432
(HA2)27,Q,G,-1.067501901245219
(HA2)27,Q,H,-1.0675019012452192
328,T,D,-1.0680690919683569
(HA2)39,K,R,-1.0701523963510597
(HA2)36,A,P,-1.0719816851279051
(HA2)79,D,K,-1.0720749444791475
(HA2)84,V,T,-1.0720764075153355
(HA2)125,Q,N,-1.0721051329684244
(HA2)37,D,A,-1.0721849271927169
(HA2)56,I,G,-1.072187282015139
(HA2)45,I,W,-1.0721901543163854
(HA2)45,I,Y,-1.0721901543163854
(HA2)117,K,A,-1.072286297767151
(HA2)117,K,T,-1.072286297767151
(HA2)59,T,Q,-1.0724562313683281
(HA2)95,N,W,-1.0724949976475022
(HA2)71,S,T,-1.0727261110472646
159,F,Y,-1.0736646975515696
(HA2)192,A,V,-1.0741265882337265
(HA2)25,R,M,-1.0757390150652024
(HA2)38,L,R,-1.075770947022067
(HA2)106,H,S,-1.0761333997857847
142,R,L,-1.0767353912981907
-14,T,S,-1.077813528802581
(HA2)68,K,Q,-1.0790251765021295
5,G,L,-1.0796203224976857
(HA2)10,I,P,-1.0826137052392917
(HA2)170,R,T,-1.0827081901953506
(HA2)39,K,D,-1.0832705528058972
252,I,V,-1.0837653287022408
193,F,R,-1.0841386034186007
(HA2)214,N,L,-1.0850725495917453
5,G,Y,-1.085428567404267
58,I,H,-1.0880903567823301
21,P,R,-1.089702262753298
(HA2)202,L,A,-1.0897132125366618
(HA2)140,I,L,-1.090392338476859
157,L,R,-1.092944998262853
310,K,L,-1.093651882795649
105,Y,E,-1.093754177136093
119,E,D,-1.0939277863964354
170,N,K,-1.094053684637896
163,A,H,-1.0946945939301285
(HA2)17,M,K,-1.0955791116317086
143,S,A,-1.09599529022442
(HA2)131,E,L,-1.0973587725588243
75,Q,P,-1.0980991043168302
(HA2)199,C,P,-1.0981105878090471
22,N,T,-1.0994743929436104
5,G,P,-1.1003169134992996
(HA2)205,F,T,-1.102807134972437
(HA2)38,L,P,-1.1035280249601684
196,A,T,-1.1038058410414266
(HA2)165,E,V,-1.1047649964000448
(HA2)39,K,H,-1.1058493161473133
(HA2)120,E,Q,-1.1069297997969267
(HA2)168,N,S,-1.107966927407814
(HA2)120,E,D,-1.1098414284221811
(HA2)15,E,F,-1.1113327907158441
224,R,L,-1.111429571366155
-15,K,M,-1.1127295525156837
280,E,S,-1.1143371966545434
(HA2)57,G,L,-1.115675519729671
210,Q,Y,-1.1174326270587671
(HA2)138,F,N,-1.117933801081968
264,K,H,-1.1192727029229332
214,S,M,-1.1194656870062407
(HA2)146,N,V,-1.1202410363154032
(HA2)146,N,T,-1.1202410363154032
312,N,D,-1.1206249448210894
-6,L,E,-1.1232466099036202
(HA2)165,E,A,-1.1253243883106265
(HA2)143,K,Q,-1.1253436735102633
31,N,L,-1.1257275163178346
-2,F,G,-1.1259053563080965
(HA2)200,V,R,-1.1268539819818035
(HA2)79,D,G,-1.1276447317920137
(HA2)183,K,N,-1.1278911489613352
(HA2)173,I,G,-1.1291722837855422
(HA2)185,W,A,-1.1329166871016674
(HA2)146,N,S,-1.134044290651576
112,V,I,-1.1372617054762402
(HA2)181,G,A,-1.137349689681686
81,N,H,-1.1375651031813958
(HA2)152,I,E,-1.1377988825067005
(HA2)169,N,C,-1.1385628971001929
69,A,V,-1.1390804125456926
(HA2)122,T,A,-1.1392174544879727
(HA2)133,M,N,-1.1395861690867621
(HA2)179,K,W,-1.139975705014898
(HA2)141,Y,V,-1.1402570546564477
(HA2)146,N,Q,-1.1409103010116401
(HA2)196,F,G,-1.1415637367942637
(HA2)111,T,L,-1.1424355672043462
302,Y,H,-1.1428602335332947
(HA2)196,F,H,-1.14758684310941
9,S,G,-1.1507937325116444
(HA2)184,D,N,-1.1518596968843555
(HA2)137,C,T,-1.1523995407265808
143,S,G,-1.1534176857553735
(HA2)29,S,T,-1.1535521692258728
156,H,N,-1.15464873354755
217,I,E,-1.156558563445978
(HA2)46,D,S,-1.1597883210503892
36,V,S,-1.1598856197701264
-8,Y,T,-1.1600463937077805
27,K,T,-1.1601602011743297
(HA2)151,S,V,-1.1608321394520846
(HA2)90,D,G,-1.1609315375578544
35,E,R,-1.1611604278695293
-15,K,Y,-1.161303636488785
63,N,K,-1.1620431098201947
49,G,C,-1.162338455461658
-7,I,T,-1.1626711626996795
79,F,I,-1.1633958247690515
(HA2)27,Q,I,-1.1644260806919104
(HA2)29,S,V,-1.1686477281569778
287,S,R,-1.169284549528914
(HA2)27,Q,S,-1.1695674617044107
(HA2)31,G,Y,-1.16957925335742
304,A,Q,-1.1696561731183792
-6,L,A,-1.1704555263731966
45,S,I,-1.1706335809707717
-16,M,T,-1.1710835587312194
122,N,I,-1.1730046176231763
72,G,E,-1.1735328085877652
276,K,E,-1.1747604728143037
38,N,S,-1.1756122268602176
(HA2)161,V,A,-1.177055987680613
(HA2)4,G,A,-1.1796287702205033
(HA2)150,G,E,-1.181525751494457
324,P,Q,-1.1815909760548986
238,K,N,-1.1832160845120205
(HA2)32,R,Y,-1.186487747235563
312,N,A,-1.1866441311483078
(HA2)4,G,L,-1.1867443870239156
318,T,I,-1.1871308895948587
327,Q,S,-1.1890703264421303
(HA2)163,R,S,-1.1912977202666324
138,A,S,-1.1917332598082124
(HA2)102,L,A,-1.1917736842175821
(HA2)19,D,Y,-1.1919329573573045
(HA2)70,F,E,-1.1926874890276027
(HA2)44,A,I,-1.192903683952668
(HA2)121,K,N,-1.1930068054980294
(HA2)121,K,M,-1.1930068054980294
(HA2)58,K,C,-1.1931097431601938
(HA2)50,G,T,-1.1933482309368924
(HA2)103,E,H,-1.19392974236483
(HA2)122,T,V,-1.1951454278685592
(HA2)34,Q,E,-1.1954152237689295
(HA2)49,N,G,-1.1967065405831283
164,L,Q,-1.197907907588212
(HA2)205,F,S,-1.1988507580486891
(HA2)210,C,G,-1.1990840722723128
92,K,Q,-1.2025970438892655
(HA2)136,G,Y,-1.2053680754311675
20,V,T,-1.2060677195239813
22,N,A,-1.206498931319529
34,I,K,-1.2065025812895027
45,S,L,-1.2065855200720437
(HA2)18,V,I,-1.2071703964453917
2,K,Y,-1.2097074994653512
(HA2)92,W,R,-1.2100490630490583
(HA2)182,Y,T,-1.2103529605588268
77,D,P,-1.2107482082787613
33,Q,Y,-1.2116692986797033
(HA2)199,C,D,-1.212708022073667
50,E,P,-1.2128588564116254
3,L,N,-1.2135722906937947
35,E,G,-1.213742341227918
80,Q,Y,-1.2137784284969373
22,N,R,-1.2156533914525245
290,N,S,-1.2158144605015824
135,T,K,-1.216292521691009
86,L,S,-1.2164858905090834
124,S,E,-1.2165850383033776
124,S,F,-1.2165850383033776
124,S,Q,-1.2165850383033776
106,A,L,-1.2170544796916436
163,A,N,-1.2171598612177579
122,N,E,-1.2179159985743333
59,L,Y,-1.21816977360784
(HA2)199,C,F,-1.218404821526759
143,S,T,-1.2184441742529102
45,S,N,-1.2188970950021984
82,K,R,-1.2189040010351153
157,L,V,-1.2192192158673325
317,A,V,-1.2195968660339795
(HA2)43,A,V,-1.220275069223954
(HA2)50,G,W,-1.2203679573494697
188,D,T,-1.2252551522130841
243,L,T,-1.225695445657802
92,K,T,-1.225791292544343
261,R,Y,-1.2259383764891654
191,Q,A,-1.2261327478591908
252,I,T,-1.226486494786214
209,S,W,-1.2278035071790834
231,S,T,-1.2283633305642694
(HA2)85,E,P,-1.2311689905131933
(HA2)59,T,G,-1.231510608460531
(HA2)161,V,G,-1.2322938510069175
(HA2)195,C,P,-1.2327768338548541
(HA2)199,C,E,-1.2328085311559016
(HA2)186,I,D,-1.2328289084122936
44,Q,R,-1.233482989486572
240,G,R,-1.235936722927741
(HA2)184,D,R,-1.2373289655252122
208,R,I,-1.2376935462118166
96,N,T,-1.2386726824739926
(HA2)78,Q,G,-1.241556311635354
(HA2)124,K,G,-1.2419623402705635
214,S,K,-1.2441025433957371
(HA2)88,K,I,-1.2463323645381317
(HA2)155,G,E,-1.2474476225327622
95,S,N,-1.247510300597384
299,R,M,-1.2480720633916174
(HA2)38,L,F,-1.2493604469711435
36,V,I,-1.25089282357915
(HA2)217,C,R,-1.2510107429930142
-7,I,N,-1.2511599549649508
215,P,V,-1.255063309466851
288,I,V,-1.2553872210979997
(HA2)187,L,Q,-1.2562960983465508
8,N,R,-1.2570302389785941
276,K,R,-1.2576829711956266
201,R,M,-1.2592222548853438
269,R,L,-1.2602642829725719
280,E,A,-1.2604017751937528
280,E,V,-1.2604017751937528
(HA2)3,F,V,-1.260715731280274
(HA2)83,Y,H,-1.2610998212250273
(HA2)131,E,T,-1.2618782741859635
(HA2)88,K,S,-1.2622494218455964
(HA2)115,M,I,-1.2640138211539211
(HA2)208,W,I,-1.2644866654743832
(HA2)46,D,G,-1.2653806856103933
(HA2)179,K,T,-1.265506587098757
(HA2)131,E,P,-1.2661181034416158
(HA2)29,S,D,-1.2673104597184095
303,G,A,-1.2674478926554107
103,P,V,-1.2685173235433531
168,M,L,-1.2687869157761196
325,E,S,-1.2691019985565832
156,H,A,-1.2692980723956455
(HA2)164,D,P,-1.2702109216724553
244,L,Y,-1.2704890763351406
327,Q,K,-1.2708427214714164
325,E,D,-1.2755515813875107
(HA2)43,A,G,-1.2756860041899845
57,Q,H,-1.279438314816075
60,D,E,-1.283791009552201
(HA2)142,H,P,-1.2837954398957556
17,H,Q,-1.28749838094566
204,V,A,-1.2880728090197362
98,Y,C,-1.2917931809469185
-1,A,I,-1.2925239563363415
(HA2)168,N,R,-1.2949110728079023
(HA2)221,I,S,-1.2977637706050003
(HA2)39,K,L,-1.3006973263759525
(HA2)82,K,T,-1.3041428930214372
(HA2)63,F,A,-1.304320455395
222,R,T,-1.304482386644186
(HA2)56,I,S,-1.304565985378858
(HA2)110,L,M,-1.3046165157833811
(HA2)49,N,Q,-1.3046551040108418
299,R,T,-1.3061840262441116
-16,M,N,-1.3075994219121698
(HA2)145,D,N,-1.3078875026253012
269,R,T,-1.310275785711507
(HA2)115,M,V,-1.3107485680748567
(HA2)80,L,I,-1.3130273649188213
224,R,W,-1.3182275638056582
28,T,R,-1.318652633584438
4,P,H,-1.3186604134527398
-13,I,A,-1.318671295551896
8,N,I,-1.3187564113967842
73,D,P,-1.3188593179756094
50,E,W,-1.3202762727967514
57,Q,P,-1.3206054895080444
(HA2)204,G,Q,-1.3224008916109469
188,D,W,-1.3249553209519163
(HA2)74,E,D,-1.3253991399483995
258,F,G,-1.3257421127456166
180,W,S,-1.3257610161739692
217,I,K,-1.3263216296289704
183,L,M,-1.3266037953005905
231,S,R,-1.3281907860272049
88,V,I,-1.3289897349741833
173,Q,S,-1.3295339723399866
138,A,M,-1.32982138809971
-2,F,T,-1.329960244763135
156,H,L,-1.3300593040065722
157,L,T,-1.3300815883467085
104,D,G,-1.331375134791906
156,H,P,-1.331896565977284
(HA2)60,N,P,-1.332014220764605
(HA2)121,K,A,-1.3320954159629395
(HA2)138,F,R,-1.3321908071168065
(HA2)43,A,L,-1.3324796376964185
(HA2)135,N,F,-1.332539355306562
(HA2)182,Y,S,-1.3325862676930345
(HA2)71,S,D,-1.33271103592354
111,L,I,-1.3329149838402163
(HA2)214,N,V,-1.3332242099899916
(HA2)179,K,G,-1.3347388687112411
(HA2)168,N,C,-1.3347825939403222
294,F,S,-1.3362036218946003
(HA2)15,E,P,-1.3377735022495107
7,D,E,-1.3405006930079444
(HA2)167,L,N,-1.3439194785394712
(HA2)216,R,H,-1.34528005484285
(HA2)180,S,Q,-1.3465722646263298
(HA2)80,L,V,-1.3471299769370078
37,T,R,-1.348019943973329
-8,Y,K,-1.3482112427332469
35,E,N,-1.3494050615410897
(HA2)146,N,R,-1.349834244197242
53,D,E,-1.3507001921151471
(HA2)204,G,V,-1.35078561923969
(HA2)47,Q,V,-1.3517960030388565
(HA2)124,K,Q,-1.3518707849845288
(HA2)140,I,F,-1.3541658074409377
226,I,T,-1.3547443345079926
(HA2)130,A,T,-1.3572544343580906
227,P,N,-1.3573139850950005
(HA2)110,L,V,-1.3659592461073886
(HA2)27,Q,V,-1.3675599041428215
(HA2)209,A,F,-1.3682342307842263
(HA2)167,L,V,-1.3730570524482042
(HA2)92,W,V,-1.3740820176487805
-9,S,I,-1.3755371418706748
(HA2)137,C,V,-1.3769591016004519
244,L,Q,-1.3775126581545947
(HA2)220,C,L,-1.3786533933268588
(HA2)204,G,P,-1.3791565060717028
(HA2)145,D,F,-1.379798813705912
(HA2)165,E,L,-1.3808863175183779
-3,V,R,-1.381077367478269
(HA2)27,Q,R,-1.3815947052873518
(HA2)168,N,T,-1.3826905710752726
(HA2)136,G,I,-1.3840457598637508
-16,M,C,-1.3856260429454064
(HA2)184,D,A,-1.3862690499211368
96,N,S,-1.3904842737688812
6,N,V,-1.396023379401984
103,P,E,-1.3973187475616475
(HA2)51,K,R,-1.4005505075084996
(HA2)108,I,V,-1.4021638943889567
(HA2)73,V,H,-1.4062479328317024
(HA2)84,V,L,-1.4079814714657408
(HA2)156,T,N,-1.4080844011773213
(HA2)47,Q,Y,-1.408335177528091
(HA2)105,Q,H,-1.4090246804970354
(HA2)90,D,E,-1.4099710176579798
7,D,G,-1.4110715857920642
(HA2)106,H,A,-1.4121166510419194
328,T,N,-1.4122942550700475
148,F,S,-1.413083882247798
(HA2)53,N,Q,-1.4147622930495123
(HA2)61,E,P,-1.4165561584782167
189,K,V,-1.4182030205597185
189,K,L,-1.4182030205597185
(HA2)168,N,G,-1.4199698928883904
21,P,Q,-1.4202804443777934
216,N,A,-1.4208978420221388
33,Q,I,-1.4232878167451752
5,G,H,-1.4237171260079342
(HA2)49,N,R,-1.4239612039874485
(HA2)47,Q,H,-1.424153114549269
(HA2)51,K,E,-1.4257402207729322
264,K,E,-1.4295441455890836
171,N,H,-1.4334052889147202
(HA2)130,A,H,-1.4344413618038878
156,H,T,-1.4347379572063073
44,Q,S,-1.4352459941919782
121,N,L,-1.4353202834125214
(HA2)185,W,R,-1.4396821818813983
25,I,R,-1.440778535041362
63,N,Y,-1.443532775375793
(HA2)15,E,K,-1.4438341986263066
(HA2)108,I,L,-1.4452025784712066
171,N,T,-1.4453269218745701
94,Y,A,-1.4472532725169274
46,S,T,-1.4485071965127647
32,D,G,-1.453159503546377
(HA2)18,V,T,-1.459766558630808
-10,L,F,-1.461591665700893
(HA2)29,S,P,-1.4719975702551058
124,S,N,-1.4760966642924318
(HA2)16,G,T,-1.4777404201006206
260,I,A,-1.479183077818044
289,P,S,-1.4812504579996517
(HA2)162,Y,N,-1.4822059578024867
(HA2)171,F,G,-1.4868313198403564
(HA2)142,H,S,-1.4882934245743413
(HA2)173,I,V,-1.4953590709238873
224,R,G,-1.4955645384572018
(HA2)60,N,K,-1.4976075664670545
(HA2)51,K,N,-1.4980381033140253
(HA2)78,Q,T,-1.504590717469148
142,R,A,-1.5099394986463868
171,N,I,-1.510787480355254
18,H,G,-1.5139544854799265
48,T,E,-1.5159959353911305
(HA2)152,I,S,-1.516119623485158
38,N,Q,-1.5197013781159086
31,N,V,-1.5201342500960788
163,A,P,-1.5202107607958952
121,N,V,-1.5207669116171676
138,A,L,-1.521867009892985
57,Q,I,-1.5228201613874262
290,N,T,-1.5231279370648827
318,T,L,-1.523134349390478
135,T,N,-1.526760965017698
227,P,A,-1.5268289169955276
149,S,R,-1.52752884766281
(HA2)203,L,F,-1.528198331559353
81,N,I,-1.5315961018926088
(HA2)151,S,R,-1.5357346808598291
78,D,N,-1.5370878027759145
(HA2)53,N,H,-1.5371032418919066
30,T,A,-1.549648862387234
(HA2)179,K,L,-1.557448840795363
(HA2)187,L,R,-1.5580690996321989
(HA2)98,L,W,-1.5600901339859754
(HA2)7,A,T,-1.5601723898547175
(HA2)149,I,T,-1.5722712632307279
(HA2)132,D,I,-1.5738288354039263
(HA2)208,W,K,-1.5754998802843345
226,I,L,-1.5790537499218924
(HA2)128,E,G,-1.584664093045039
(HA2)53,N,D,-1.594837703033305
(HA2)99,L,R,-1.5959383645907634
(HA2)49,N,S,-1.59747668368074
(HA2)136,G,H,-1.5991893394761934
(HA2)27,Q,F,-1.6012156295661852
(HA2)173,I,S,-1.603550997337497
158,N,A,-1.6039667176149708
(HA2)153,R,P,-1.6074608640761787
62,K,Q,-1.6105082588385315
(HA2)136,G,K,-1.610814344400723
-13,I,L,-1.6110001000764596
44,Q,E,-1.6126526409493787
200,G,P,-1.6161832326075958
278,N,H,-1.6214619290724774
-8,Y,V,-1.6261105387396193
(HA2)215,I,S,-1.629785525457911
(HA2)209,A,I,-1.6351707800542314
50,E,K,-1.6404230067723633
-2,F,A,-1.6404785291378547
(HA2)46,D,Q,-1.6471894451896452
(HA2)138,F,I,-1.6602002943489076
(HA2)156,T,D,-1.6636679261794827
187,T,Y,-1.667477832933729
183,L,H,-1.6676774904784821
217,I,G,-1.6679039411119816
(HA2)200,V,T,-1.6679646566240645
222,R,L,-1.673043801065015
(HA2)204,G,R,-1.673734491560066
(HA2)178,L,A,-1.6739356373878564
(HA2)132,D,E,-1.6766962797195193
(HA2)167,L,D,-1.6796902716857378
212,I,S,-1.6800315705585946
(HA2)124,K,Y,-1.680693602974046
68,D,V,-1.6969106058498733
(HA2)164,D,Y,-1.699549808768165
(HA2)147,A,P,-1.7028053794610916
(HA2)50,G,E,-1.7095615734644913
(HA2)18,V,L,-1.7132469949073887
(HA2)114,E,L,-1.7141946432384085
(HA2)140,I,M,-1.7149571500470193
(HA2)164,D,S,-1.7184592970830364
(HA2)163,R,L,-1.7264767301187691
-15,K,E,-1.7328592309282678
4,P,V,-1.7333101532457798
(HA2)201,A,D,-1.7392683648813771
219,S,Q,-1.7424674570961907
(HA2)130,A,D,-1.752972013795905
(HA2)159,H,Y,-1.7623841629981696
(HA2)131,E,R,-1.764378614715147
215,P,A,-1.7652758637795745
(HA2)148,C,A,-1.7662948523362405
(HA2)186,I,S,-1.769343294861546
173,Q,K,-1.772346001674959
(HA2)142,H,C,-1.7773710316883935
54,S,L,-1.7777715145948436
21,P,H,-1.7826020431250165
60,D,G,-1.7865361453104756
133,N,D,-1.7936637486196434
92,K,G,-1.8093329657905293
16,G,A,-1.8153099986196954
(HA2)140,I,N,-1.8179472941973318
-3,V,I,-1.8208447019334186
(HA2)209,A,S,-1.8332301167914582
259,K,I,-1.8418165866931995
(HA2)196,F,I,-1.8472745861777566
16,G,D,-1.8553029782594304
(HA2)18,V,H,-1.8570109116424203
324,P,L,-1.8672592258743972
(HA2)32,R,N,-1.869823494790484
121,N,H,-1.8770531100650671
92,K,H,-1.8805343664299536
209,S,T,-1.8961998447572816
63,N,A,-1.8975494711443546
(HA2)106,H,L,-1.9082551034047908
156,H,S,-1.9405553014091441
(HA2)189,I,S,-1.9451070442488132
208,R,A,-1.9651868204176608
(HA2)123,K,S,-1.978194829194354
227,P,H,-1.9808523700810317
(HA2)219,I,Y,-1.9940895670084458
73,D,L,-1.996041406852001
23,G,Q,-1.9976759703519804
(HA2)138,F,Q,-2.000208383838521
158,N,G,-2.009345592139933
183,L,F,-2.0193299310112516
(HA2)142,H,M,-2.020207185331918
(HA2)146,N,I,-2.0261539856945143
(HA2)161,V,R,-2.06855136042621
(HA2)153,R,S,-2.0687179027132627
135,T,V,-2.0751121697592247
(HA2)4,G,I,-2.083305703837454
(HA2)92,W,T,-2.1063550517149836
(HA2)153,R,A,-2.134493304303126
(HA2)163,R,E,-2.1401727600749245
(HA2)168,N,E,-2.1402467223361565
(HA2)139,K,H,-2.1947515833441047
24,T,V,-2.207433921262918
244,L,H,-2.2185273503471397
(HA2)171,F,L,-2.225114196390054
(HA2)204,G,L,-2.2329793328918193
(HA2)120,E,G,-2.2569028046037554
(HA2)17,M,F,-2.2712932306572395
(HA2)183,K,D,-2.2992967316154633
(HA2)135,N,M,-2.3086704095229535
(HA2)141,Y,Q,-2.316482158338796
(HA2)19,D,S,-2.3402689992377215
(HA2)200,V,W,-2.379783309000841
(HA2)149,I,A,-2.459779819122981
27,K,L,-2.5035497195678835
(HA2)214,N,R,-2.5331400271907247
17,H,Y,-2.5586999094123275
138,A,T,-2.5654203854859334
(HA2)186,I,R,-2.584728781902192
(HA2)140,I,V,-2.6204611695102784
56,H,S,-2.6917785039304616
8,N,C,-2.7231936969469377
(HA2)150,G,K,-2.7678492172903666
(HA2)163,R,I,-2.781281683302744
-2,F,R,-2.8059642204962145
79,F,C,-2.8597966454509236
72,G,F,-3.0843866781798224
61,G,Y,-3.1444764824383453
44,Q,G,-3.3186424800803636
59,L,A,-3.3699764574365783
(HA2)1,G,G,NaN
(HA2)10,I,I,NaN
(HA2)100,V,V,NaN
(HA2)101,A,A,NaN
(HA2)102,L,L,NaN
(HA2)103,E,E,NaN
(HA2)104,N,N,NaN
(HA2)105,Q,Q,NaN
(HA2)106,H,H,NaN
(HA2)107,T,T,NaN
(HA2)108,I,I,NaN
(HA2)109,D,D,NaN
(HA2)11,E,E,NaN
(HA2)110,L,L,NaN
(HA2)111,T,T,NaN
(HA2)112,D,D,NaN
(HA2)113,S,S,NaN
(HA2)114,E,E,NaN
(HA2)115,M,M,NaN
(HA2)116,N,N,NaN
(HA2)117,K,K,NaN
(HA2)118,L,L,NaN
(HA2)119,F,F,NaN
(HA2)12,N,N,NaN
(HA2)120,E,E,NaN
(HA2)121,K,K,NaN
(HA2)122,T,T,NaN
(HA2)123,K,K,NaN
(HA2)124,K,K,NaN
(HA2)125,Q,Q,NaN
(HA2)126,L,L,NaN
(HA2)127,R,R,NaN
(HA2)128,E,E,NaN
(HA2)129,N,N,NaN
(HA2)13,G,G,NaN
(HA2)130,A,A,NaN
(HA2)131,E,E,NaN
(HA2)132,D,D,NaN
(HA2)133,M,M,NaN
(HA2)134,G,G,NaN
(HA2)135,N,N,NaN
(HA2)136,G,G,NaN
(HA2)137,C,C,NaN
(HA2)138,F,F,NaN
(HA2)139,K,K,NaN
(HA2)14,W,W,NaN
(HA2)140,I,I,NaN
(HA2)141,Y,Y,NaN
(HA2)142,H,H,NaN
(HA2)143,K,K,NaN
(HA2)144,C,C,NaN
(HA2)145,D,D,NaN
(HA2)146,N,N,NaN
(HA2)147,A,A,NaN
(HA2)148,C,C,NaN
(HA2)149,I,I,NaN
(HA2)15,E,E,NaN
(HA2)150,G,G,NaN
(HA2)151,S,S,NaN
(HA2)152,I,I,NaN
(HA2)153,R,R,NaN
(HA2)154,N,N,NaN
(HA2)155,G,G,NaN
(HA2)156,T,T,NaN
(HA2)157,Y,Y,NaN
(HA2)158,D,D,NaN
(HA2)159,H,H,NaN
(HA2)16,G,G,NaN
(HA2)160,D,D,NaN
(HA2)161,V,V,NaN
(HA2)162,Y,Y,NaN
(HA2)163,R,R,NaN
(HA2)164,D,D,NaN
(HA2)165,E,E,NaN
(HA2)166,A,A,NaN
(HA2)167,L,L,NaN
(HA2)168,N,N,NaN
(HA2)169,N,N,NaN
(HA2)17,M,M,NaN
(HA2)170,R,R,NaN
(HA2)171,F,F,NaN
(HA2)172,Q,Q,NaN
(HA2)173,I,I,NaN
(HA2)174,K,K,NaN
(HA2)175,G,G,NaN
(HA2)176,V,V,NaN
(HA2)177,E,E,NaN
(HA2)178,L,L,NaN
(HA2)179,K,K,NaN
(HA2)18,V,V,NaN
(HA2)180,S,S,NaN
(HA2)181,G,G,NaN
(HA2)182,Y,Y,NaN
(HA2)183,K,K,NaN
(HA2)184,D,D,NaN
(HA2)185,W,W,NaN
(HA2)186,I,I,NaN
(HA2)187,L,L,NaN
(HA2)188,W,W,NaN
(HA2)189,I,I,NaN
(HA2)19,D,D,NaN
(HA2)190,S,S,NaN
(HA2)191,F,F,NaN
(HA2)192,A,A,NaN
(HA2)193,I,I,NaN
(HA2)194,S,S,NaN
(HA2)195,C,C,NaN
(HA2)196,F,F,NaN
(HA2)197,L,L,NaN
(HA2)198,L,L,NaN
(HA2)199,C,C,NaN
(HA2)2,I,I,NaN
(HA2)20,G,G,NaN
(HA2)200,V,V,NaN
(HA2)201,A,A,NaN
(HA2)202,L,L,NaN
(HA2)203,L,L,NaN
(HA2)204,G,G,NaN
(HA2)205,F,F,NaN
(HA2)206,I,I,NaN
(HA2)207,M,M,NaN
(HA2)208,W,W,NaN
(HA2)209,A,A,NaN
(HA2)21,W,W,NaN
(HA2)210,C,C,NaN
(HA2)211,Q,Q,NaN
(HA2)212,K,K,NaN
(HA2)213,G,G,NaN
(HA2)214,N,N,NaN
(HA2)215,I,I,NaN
(HA2)216,R,R,NaN
(HA2)217,C,C,NaN
(HA2)218,N,N,NaN
(HA2)219,I,I,NaN
(HA2)22,Y,Y,NaN
(HA2)220,C,C,NaN
(HA2)221,I,I,NaN
(HA2)23,G,G,NaN
(HA2)24,F,F,NaN
(HA2)25,R,R,NaN
(HA2)26,H,H,NaN
(HA2)27,Q,Q,NaN
(HA2)28,N,N,NaN
(HA2)29,S,S,NaN
(HA2)3,F,F,NaN
(HA2)30,E,E,NaN
(HA2)31,G,G,NaN
(HA2)32,R,R,NaN
(HA2)33,G,G,NaN
(HA2)34,Q,Q,NaN
(HA2)35,A,A,NaN
(HA2)36,A,A,NaN
(HA2)37,D,D,NaN
(HA2)38,L,L,NaN
(HA2)39,K,K,NaN
(HA2)4,G,G,NaN
(HA2)40,S,S,NaN
(HA2)41,T,T,NaN
(HA2)42,Q,Q,NaN
(HA2)43,A,A,NaN
(HA2)44,A,A,NaN
(HA2)45,I,I,NaN
(HA2)46,D,D,NaN
(HA2)47,Q,Q,NaN
(HA2)48,I,I,NaN
(HA2)49,N,N,NaN
(HA2)5,A,A,NaN
(HA2)50,G,G,NaN
(HA2)51,K,K,NaN
(HA2)52,L,L,NaN
(HA2)53,N,N,NaN
(HA2)54,R,R,NaN
(HA2)55,L,L,NaN
(HA2)56,I,I,NaN
(HA2)57,G,G,NaN
(HA2)58,K,K,NaN
(HA2)59,T,T,NaN
(HA2)6,I,I,NaN
(HA2)60,N,N,NaN
(HA2)61,E,E,NaN
(HA2)62,K,K,NaN
(HA2)63,F,F,NaN
(HA2)64,H,H,NaN
(HA2)65,Q,Q,NaN
(HA2)66,I,I,NaN
(HA2)67,E,E,NaN
(HA2)68,K,K,NaN
(HA2)69,E,E,NaN
(HA2)7,A,A,NaN
(HA2)70,F,F,NaN
(HA2)71,S,S,NaN
(HA2)72,E,E,NaN
(HA2)73,V,V,NaN
(HA2)74,E,E,NaN
(HA2)75,G,G,NaN
(HA2)76,R,R,NaN
(HA2)77,I,I,NaN
(HA2)78,Q,Q,NaN
(HA2)79,D,D,NaN
(HA2)8,G,G,NaN
(HA2)80,L,L,NaN
(HA2)81,E,E,NaN
(HA2)82,K,K,NaN
(HA2)83,Y,Y,NaN
(HA2)84,V,V,NaN
(HA2)85,E,E,NaN
(HA2)86,D,D,NaN
(HA2)87,T,T,NaN
(HA2)88,K,K,NaN
(HA2)89,I,I,NaN
(HA2)9,F,F,NaN
(HA2)90,D,D,NaN
(HA2)91,L,L,NaN
(HA2)92,W,W,NaN
(HA2)93,S,S,NaN
(HA2)94,Y,Y,NaN
(HA2)95,N,N,NaN
(HA2)96,A,A,NaN
(HA2)97,E,E,NaN
(HA2)98,L,L,NaN
(HA2)99,L,L,NaN
-1,A,A,NaN
-10,L,L,NaN
-11,A,A,NaN
-12,I,I,NaN
-13,I,I,NaN
-14,T,T,NaN
-15,K,K,NaN
-16,M,M,NaN
-2,F,F,NaN
-3,V,V,NaN
-4,L,L,NaN
-5,C,C,NaN
-6,L,L,NaN
-7,I,I,NaN
-8,Y,Y,NaN
-9,S,S,NaN
1,Q,Q,NaN
10,T,T,NaN
100,Y,Y,NaN
101,D,D,NaN
102,V,V,NaN
103,P,P,NaN
104,D,D,NaN
105,Y,Y,NaN
106,A,A,NaN
107,S,S,NaN
108,L,L,NaN
109,R,R,NaN
11,A,A,NaN
110,S,S,NaN
111,L,L,NaN
112,V,V,NaN
113,A,A,NaN
114,S,S,NaN
115,S,S,NaN
116,G,G,NaN
117,T,T,NaN
118,L,L,NaN
119,E,E,NaN
12,T,T,NaN
120,F,F,NaN
121,N,N,NaN
122,N,N,NaN
123,E,E,NaN
124,S,S,NaN
125,F,F,NaN
126,N,N,NaN
127,W,W,NaN
128,T,T,NaN
129,G,G,NaN
13,L,L,NaN
130,V,V,NaN
131,T,T,NaN
132,Q,Q,NaN
133,N,N,NaN
134,G,G,NaN
135,T,T,NaN
136,S,S,NaN
137,S,S,NaN
138,A,A,NaN
139,C,C,NaN
14,C,C,NaN
140,I,I,NaN
141,R,R,NaN
142,R,R,NaN
143,S,S,NaN
144,K,K,NaN
145,N,N,NaN
146,S,S,NaN
147,F,F,NaN
148,F,F,NaN
149,S,S,NaN
15,L,L,NaN
150,R,R,NaN
151,L,L,NaN
152,N,N,NaN
153,W,W,NaN
154,L,L,NaN
155,T,T,NaN
156,H,H,NaN
157,L,L,NaN
158,N,N,NaN
159,F,F,NaN
16,G,G,NaN
160,K,K,NaN
161,Y,Y,NaN
162,P,P,NaN
163,A,A,NaN
164,L,L,NaN
165,N,N,NaN
166,V,V,NaN
167,T,T,NaN
168,M,M,NaN
169,P,P,NaN
17,H,H,NaN
170,N,N,NaN
171,N,N,NaN
172,E,E,NaN
173,Q,Q,NaN
174,F,F,NaN
175,D,D,NaN
176,K,K,NaN
177,L,L,NaN
178,Y,Y,NaN
179,I,I,NaN
18,H,H,NaN
180,W,W,NaN
181,G,G,NaN
182,V,V,NaN
183,L,L,NaN
184,H,H,NaN
185,P,P,NaN
186,G,G,NaN
187,T,T,NaN
188,D,D,NaN
189,K,K,NaN
19,A,A,NaN
190,D,D,NaN
191,Q,Q,NaN
192,I,I,NaN
193,F,F,NaN
194,L,L,NaN
195,Y,Y,NaN
196,A,A,NaN
197,Q,Q,NaN
198,A,A,NaN
199,S,S,NaN
2,K,K,NaN
20,V,V,NaN
200,G,G,NaN
201,R,R,NaN
202,I,I,NaN
203,T,T,NaN
204,V,V,NaN
205,S,S,NaN
206,T,T,NaN
207,K,K,NaN
208,R,R,NaN
209,S,S,NaN
21,P,P,NaN
210,Q,Q,NaN
211,Q,Q,NaN
212,I,I,NaN
213,V,V,NaN
214,S,S,NaN
215,P,P,NaN
216,N,N,NaN
217,I,I,NaN
218,G,G,NaN
219,S,S,NaN
22,N,N,NaN
220,R,R,NaN
221,P,P,NaN
222,R,R,NaN
223,V,V,NaN
224,R,R,NaN
225,N,N,NaN
226,I,I,NaN
227,P,P,NaN
228,S,S,NaN
229,R,R,NaN
23,G,G,NaN
230,I,I,NaN
231,S,S,NaN
232,I,I,NaN
233,Y,Y,NaN
234,W,W,NaN
235,T,T,NaN
236,I,I,NaN
237,V,V,NaN
238,K,K,NaN
239,P,P,NaN
24,T,T,NaN
240,G,G,NaN
241,D,D,NaN
242,I,I,NaN
243,L,L,NaN
244,L,L,NaN
245,I,I,NaN
246,N,N,NaN
247,S,S,NaN
248,T,T,NaN
249,G,G,NaN
25,I,I,NaN
250,N,N,NaN
251,L,L,NaN
252,I,I,NaN
253,A,A,NaN
254,P,P,NaN
255,R,R,NaN
256,G,G,NaN
257,Y,Y,NaN
258,F,F,NaN
259,K,K,NaN
26,V,V,NaN
260,I,I,NaN
261,R,R,NaN
262,S,S,NaN
263,G,G,NaN
264,K,K,NaN
265,S,S,NaN
266,S,S,NaN
267,I,I,NaN
268,M,M,NaN
269,R,R,NaN
27,K,K,NaN
270,S,S,NaN
271,D,D,NaN
272,A,A,NaN
273,P,P,NaN
274,I,I,NaN
275,G,G,NaN
276,K,K,NaN
277,C,C,NaN
278,N,N,NaN
279,S,S,NaN
28,T,T,NaN
280,E,E,NaN
281,C,C,NaN
282,I,I,NaN
283,T,T,NaN
284,P,P,NaN
285,N,N,NaN
286,G,G,NaN
287,S,S,NaN
288,I,I,NaN
289,P,P,NaN
29,I,I,NaN
290,N,N,NaN
291,D,D,NaN
292,K,K,NaN
293,P,P,NaN
294,F,F,NaN
295,Q,Q,NaN
296,N,N,NaN
297,V,V,NaN
298,N,N,NaN
299,R,R,NaN
3,L,L,NaN
30,T,T,NaN
300,I,I,NaN
301,T,T,NaN
302,Y,Y,NaN
303,G,G,NaN
304,A,A,NaN
305,C,C,NaN
306,P,P,NaN
307,R,R,NaN
308,Y,Y,NaN
309,V,V,NaN
31,N,N,NaN
310,K,K,NaN
311,Q,Q,NaN
312,N,N,NaN
313,T,T,NaN
314,L,L,NaN
315,K,K,NaN
316,L,L,NaN
317,A,A,NaN
318,T,T,NaN
319,G,G,NaN
32,D,D,NaN
320,M,M,NaN
321,R,R,NaN
322,N,N,NaN
323,V,V,NaN
324,P,P,NaN
325,E,E,NaN
326,K,K,NaN
327,Q,Q,NaN
328,T,T,NaN
329,R,R,NaN
33,Q,Q,NaN
34,I,I,NaN
35,E,E,NaN
36,V,V,NaN
37,T,T,NaN
38,N,N,NaN
39,A,A,NaN
4,P,P,NaN
40,T,T,NaN
41,E,E,NaN
42,L,L,NaN
43,V,V,NaN
44,Q,Q,NaN
45,S,S,NaN
46,S,S,NaN
47,S,S,NaN
48,T,T,NaN
49,G,G,NaN
5,G,G,NaN
50,E,E,NaN
51,I,I,NaN
52,C,C,NaN
53,D,D,NaN
54,S,S,NaN
55,P,P,NaN
56,H,H,NaN
57,Q,Q,NaN
58,I,I,NaN
59,L,L,NaN
6,N,N,NaN
60,D,D,NaN
61,G,G,NaN
62,K,K,NaN
63,N,N,NaN
64,C,C,NaN
65,T,T,NaN
66,L,L,NaN
67,I,I,NaN
68,D,D,NaN
69,A,A,NaN
7,D,D,NaN
70,L,L,NaN
71,L,L,NaN
72,G,G,NaN
73,D,D,NaN
74,P,P,NaN
75,Q,Q,NaN
76,C,C,NaN
77,D,D,NaN
78,D,D,NaN
79,F,F,NaN
8,N,N,NaN
80,Q,Q,NaN
81,N,N,NaN
82,K,K,NaN
83,K,K,NaN
84,W,W,NaN
85,D,D,NaN
86,L,L,NaN
87,F,F,NaN
88,V,V,NaN
89,E,E,NaN
9,S,S,NaN
90,R,R,NaN
91,S,S,NaN
92,K,K,NaN
93,A,A,NaN
94,Y,Y,NaN
95,S,S,NaN
96,N,N,NaN
97,C,C,NaN
98,Y,Y,NaN
99,P,P,NaN
